ObsID	Target	My RA	CSC RA	My DEC	CSC DEC
19318	NGC2513	  120.602800	  120.602917	    9.413560	  120.602917
1587	NGC3379	  161.956670	  161.958333	   12.581640	  161.958333
4692	NGC 3384	  161.956670	  162.070833	   12.581640	  162.070833
7073	NGC3379	  161.956670	  161.957083	   12.581640	  161.957083
7074	NGC3379	  161.956670	  161.957083	   12.581640	  161.957083
7075	NGC3379	  161.956670	  161.957083	   12.581640	  161.957083
7076	NGC3379	  161.956670	  161.957083	   12.581640	  161.957083
11782	NGC3384	  161.956670	  162.070417	   12.581640	  162.070417
13829	NGC 3384	  161.956670	  162.070417	   12.581640	  162.070417
394	NGC 3627	  170.062430	  170.062083	   12.991520	  170.062083
1637	NGC 3623	  170.062430	  169.731667	   12.991520	  169.731667
2039	NGC 3628	  170.062430	  170.070833	   12.991520	  170.070833
9548	NGC 3627	  170.062430	  170.062917	   12.991520	  170.062917
2934	NGC3377	  161.645640	  161.924167	   13.750859	  161.924167
12808	NGC 3367	  161.645640	  161.645833	   13.750859	  161.645833
24764	RX J0859.1+0537	  134.710290	  134.788250	    6.293000	  134.788250
22973	SDSS J143029.88+133912.0	  217.242630	  217.624458	   13.861880	  217.624458
23243	SDSS J143029.88+133912.0	  217.242630	  217.624458	   13.861880	  217.624458
18149	Teacup AGN	  217.712440	  217.624583	   13.968520	  217.624583
22589	SDSS J143029.88+133912.0	  217.712440	  217.624458	   13.968520	  217.624458
22972	SDSS J143029.88+133912.0	  217.712440	  217.624458	   13.968520	  217.624458
22973	SDSS J143029.88+133912.0	  217.712440	  217.624458	   13.968520	  217.624458
23088	SDSS J143029.88+133912.0	  217.712440	  217.624458	   13.968520	  217.624458
9154	SDSS J102258.41+123429.7	  155.933170	  155.743333	   12.567770	  155.743333
23777	NSA 104881	  120.346380	  120.119000	   15.369260	  120.119000
15386	ngc5248	  204.383420	  204.383333	    8.885180	  204.383333
10269	SDSSJ094426.96+042956.8	  146.514760	  146.112083	    4.403450	  146.112083
23777	NSA 104881	  119.917160	  120.119000	   15.386820	  120.119000
14932	NGC 5373	  209.030040	  209.281250	    5.254770	  209.281250
19318	NGC2513	  120.378210	  120.602917	    9.707640	  120.602917
15161	ZwCl 1665	  125.671650	  125.797917	    4.262430	  125.797917
25056	AT2019avd	  125.671650	  125.903198	    4.262430	  125.903198
25060	AT2019avd	  125.671650	  125.903198	    4.262430	  125.903198
76	RE 0751+14	  117.859150	  117.822083	   14.020460	  117.822083
5591	PSR J1537+1155	  234.624880	  234.291500	   12.186610	  234.291500
18149	Teacup AGN	  217.635620	  217.624583	   14.024417	  217.624583
22589	SDSS J143029.88+133912.0	  217.635620	  217.624458	   14.024417	  217.624458
22972	SDSS J143029.88+133912.0	  217.635620	  217.624458	   14.024417	  217.624458
22973	SDSS J143029.88+133912.0	  217.635620	  217.624458	   14.024417	  217.624458
23088	SDSS J143029.88+133912.0	  217.635620	  217.624458	   14.024417	  217.624458
11852	PG 1001+054	  151.224610	  151.083750	    5.062640	  151.083750
23168	PG 1001+054	  151.224610	  151.072586	    5.062640	  151.072586
5626	3C 191	  120.856370	  121.199583	   10.050530	  121.199583
4875	Mrk 1210	  121.024390	  121.024167	    5.113840	  121.024167
9264	UGC 4203	  121.024390	  121.024167	    5.113840	  121.024167
9265	UGC 4203	  121.024390	  121.024167	    5.113840	  121.024167
9266	UGC 4203	  121.024390	  121.024167	    5.113840	  121.024167
9267	UGC 4203	  121.024390	  121.024167	    5.113840	  121.024167
9268	UGC 4203	  121.024390	  121.024167	    5.113840	  121.024167
14932	NGC 5373	  209.558320	  209.281250	    5.408280	  209.281250
15329	NGC2940	  144.532870	  144.521667	    9.523920	  144.521667
5629	2MASS J11135466+1244390	  168.485420	  168.477917	   12.301060	  168.477917
7084	NGC 3593	  168.485420	  168.654167	   12.301060	  168.654167
13932	SDSS J080137.06+134022.7	  120.156320	  120.404583	   13.697350	  120.404583
19318	NGC2513	  120.475490	  120.602917	    9.625860	  120.602917
19318	NGC2513	  120.544500	  120.602917	    9.485990	  120.602917
19318	NGC2513	  120.562520	  120.602917	    9.394410	  120.602917
2930	NGC 5954	  233.634960	  233.646250	   15.193780	  233.646250
4023	NGC5953	  233.634960	  233.635000	   15.193780	  233.635000
9096	SN 2005ip	  143.025920	  143.026667	    8.441770	  143.026667
18802	SN 2005ip	  143.025920	  143.026667	    8.441770	  143.026667
19298	SN 2005ip	  143.025920	  143.026667	    8.441770	  143.026667
23777	NSA 104881	  120.152970	  120.119000	   15.684200	  120.119000
20476	SDSS J094004.80+052630.8	  145.224730	  145.020000	    5.165810	  145.020000
1587	NGC3379	  162.116290	  161.958333	   12.533190	  161.958333
4692	NGC 3384	  162.116290	  162.070833	   12.533190	  162.070833
7073	NGC3379	  162.116290	  161.957083	   12.533190	  161.957083
7074	NGC3379	  162.116290	  161.957083	   12.533190	  161.957083
7075	NGC3379	  162.116290	  161.957083	   12.533190	  161.957083
7076	NGC3379	  162.116290	  161.957083	   12.533190	  161.957083
11782	NGC3384	  162.116290	  162.070417	   12.533190	  162.070417
13829	NGC 3384	  162.116290	  162.070417	   12.533190	  162.070417
9254	3CR 267	  177.114710	  177.485417	   12.727310	  177.485417
9406	HCG 59	  177.114710	  177.112500	   12.727310	  177.112500
391	NGC 3368	  161.690580	  161.690833	   11.819940	  161.690833
2260	1AXG J104645+1140	  161.690580	  161.691250	   11.819940	  161.691250
10741	SDSS J141028.14+135950.2	  212.672290	  212.617250	   13.558000	  212.617250
15161	ZwCl 1665	  125.747350	  125.797917	    4.276460	  125.797917
25056	AT2019avd	  125.747350	  125.903198	    4.276460	  125.903198
25060	AT2019avd	  125.747350	  125.903198	    4.276460	  125.903198
7831	NGC 3299	  159.292580	  159.099167	   12.652470	  159.099167
15161	ZwCl 1665	  126.107630	  125.797917	    4.247680	  125.797917
25056	AT2019avd	  126.107630	  125.903198	    4.247680	  125.903198
25060	AT2019avd	  126.107630	  125.903198	    4.247680	  125.903198
2934	NGC3377	  162.234820	  161.924167	   14.219830	  161.924167
11768	PSZ1 G228.50+34.95	  140.589540	  140.532083	    4.061190	  140.532083
2930	NGC 5954	  233.429420	  233.646250	   15.007280	  233.646250
4023	NGC5953	  233.429420	  233.635000	   15.007280	  233.635000
2930	NGC 5954	  233.645920	  233.646250	   15.200060	  233.646250
4023	NGC5953	  233.645920	  233.635000	   15.200060	  233.635000
22914	PKS 1413+135	  213.670510	  213.995000	   13.378171	  213.995000
22916	PKS 1413+135	  213.670510	  213.995000	   13.378171	  213.995000
22917	PKS 1413+135	  213.670510	  213.995000	   13.378171	  213.995000
22918	PKS 1413+135	  213.670510	  213.995000	   13.378171	  213.995000
3211	ABELL 2147	  240.074260	  240.530000	   15.756570	  240.530000
18149	Teacup AGN	  217.460690	  217.624583	   13.799658	  217.624583
22589	SDSS J143029.88+133912.0	  217.460690	  217.624458	   13.799658	  217.624458
22972	SDSS J143029.88+133912.0	  217.460690	  217.624458	   13.799658	  217.624458
22973	SDSS J143029.88+133912.0	  217.460690	  217.624458	   13.799658	  217.624458
23088	SDSS J143029.88+133912.0	  217.460690	  217.624458	   13.799658	  217.624458
23243	SDSS J143029.88+133912.0	  217.460690	  217.624458	   13.799658	  217.624458
14932	NGC 5373	  209.050000	  209.281250	    5.014470	  209.281250
5188	Regulus	  151.865390	  152.093750	   12.274510	  152.093750
12767	SDSSJ110505.15+111541.0	  166.633770	  166.271667	   11.385420	  166.271667
14934	PGC 3091110	  139.199290	  139.332083	   11.452690	  139.332083
19318	NGC2513	  120.657740	  120.602917	    9.500090	  120.602917
16759	PSR B0943+10	  146.703960	  146.532083	    9.736130	  146.532083
11122	SN2010jl	  145.962390	  145.722208	    9.656130	  145.722208
11237	SN 2010jl	  145.962390	  145.722208	    9.656130	  145.722208
11702	SDSS J094417.85+093019.4	  145.962390	  146.074583	    9.656130	  146.074583
13199	SN2010jl	  145.962390	  145.722208	    9.656130	  145.722208
13781	SN 2010jl	  145.962390	  145.722083	    9.656130	  145.722083
13782	SN 2010jl	  145.962390	  145.722083	    9.656130	  145.722083
15003	3C226	  145.962390	  146.068333	    9.656130	  146.068333
15869	SN 2010jl	  145.962390	  145.722083	    9.656130	  145.722083
19164	SN 2010jl	  145.962390	  145.722200	    9.656130	  145.722200
23775	NSA 51928	  145.962390	  146.080792	    9.656130	  146.080792
10399	CGCG049-057	  228.304560	  228.304583	    7.225510	  228.304583
24764	RX J0859.1+0537	  134.954360	  134.788250	    5.060860	  134.788250
14387	NSC J113249+143108	  173.145400	  173.239583	   14.189230	  173.239583
18223	CSWA 11	  120.005730	  120.054583	    8.006150	  120.054583
22716	CSWA 11	  120.005730	  120.054417	    8.006150	  120.054417
23058	CSWA 11	  120.005730	  120.054417	    8.006150	  120.054417
23122	CSWA 11	  120.005730	  120.054417	    8.006150	  120.054417
19318	NGC2513	  120.319210	  120.602917	    9.264820	  120.602917
6884	SDSS J111316.42+091439.0	  168.165900	  168.318333	    9.055840	  168.318333
17072	Mrk 731	  168.165900	  168.165833	    9.055840	  168.165833
24717	J111208.75+085030.4	  168.165900	  168.036500	    9.055840	  168.036500
9254	3CR 267	  177.083820	  177.485417	   12.716570	  177.485417
9406	HCG 59	  177.083820	  177.112500	   12.716570	  177.112500
21522	J160627.53+135547.7	  241.258130	  241.614583	   13.701220	  241.614583
3026	QSO J1603+0721	  240.548470	  240.837125	    7.086100	  240.837125
18158	MCG+01-38-005	  222.728980	  222.714583	    4.948916	  222.714583
11363	NGC6017	  239.314340	  239.315000	    5.998380	  239.315000
22973	SDSS J143029.88+133912.0	  217.197610	  217.624458	   13.821200	  217.624458
23243	SDSS J143029.88+133912.0	  217.197610	  217.624458	   13.821200	  217.624458
6821	SDSS J0942+0422	  145.547830	  145.508333	    4.673140	  145.508333
11122	SN2010jl	  145.874190	  145.722208	    9.420770	  145.722208
11237	SN 2010jl	  145.874190	  145.722208	    9.420770	  145.722208
11702	SDSS J094417.85+093019.4	  145.874190	  146.074583	    9.420770	  146.074583
13199	SN2010jl	  145.874190	  145.722208	    9.420770	  145.722208
13781	SN 2010jl	  145.874190	  145.722083	    9.420770	  145.722083
13782	SN 2010jl	  145.874190	  145.722083	    9.420770	  145.722083
15003	3C226	  145.874190	  146.068333	    9.420770	  146.068333
15869	SN 2010jl	  145.874190	  145.722083	    9.420770	  145.722083
19164	SN 2010jl	  145.874190	  145.722200	    9.420770	  145.722200
11702	SDSS J094417.85+093019.4	  146.372370	  146.074583	    9.602897	  146.074583
15003	3C226	  146.372370	  146.068333	    9.602897	  146.068333
16759	PSR B0943+10	  146.372370	  146.532083	    9.602897	  146.532083
23775	NSA 51928	  146.372370	  146.080792	    9.602897	  146.080792
19318	NGC2513	  120.602950	  120.602917	    9.597140	  120.602917
12982	NGC 5964	  234.401350	  234.401250	    5.973420	  234.401250
18223	CSWA 11	  120.116620	  120.054583	    7.815810	  120.054583
23058	CSWA 11	  120.116620	  120.054417	    7.815810	  120.054417
11702	SDSS J094417.85+093019.4	  146.344630	  146.074583	    9.767330	  146.074583
12706	SDSS J094533.99+100950.1	  146.344630	  146.391667	    9.767330	  146.391667
15003	3C226	  146.344630	  146.068333	    9.767330	  146.068333
16759	PSR B0943+10	  146.344630	  146.532083	    9.767330	  146.532083
22529	SDSS J0945+1009	  146.344630	  146.391583	    9.767330	  146.391583
23775	NSA 51928	  146.344630	  146.080792	    9.767330	  146.080792
21526	J101629.88+073404.9	  153.925460	  154.124583	    7.327860	  154.124583
13951	SDSS J135646.11+102609.1	  209.144000	  209.192083	   10.191220	  209.192083
17047	SDSS J135646.10+102609.0	  209.144000	  209.192083	   10.191220	  209.192083
18826	SDSS J135646.10+102609.0	  209.144000	  209.192083	   10.191220	  209.192083
20485	NVSS J162830+115403	  247.433780	  247.126667	   11.847120	  247.126667
19318	NGC2513	  120.545610	  120.602917	    9.361615	  120.602917
4693	NGC 3412	  162.722000	  162.720833	   13.412130	  162.720833
5519	PSR B1133+16	  173.784540	  174.013125	   15.958630	  174.013125
1637	NGC 3623	  169.733170	  169.731667	   13.092220	  169.731667
2039	NGC 3628	  169.733170	  170.070833	   13.092220	  170.070833
9548	NGC 3627	  169.733170	  170.062917	   13.092220	  170.062917
21477	NGC 3346	  160.912130	  160.912083	   14.871860	  160.912083
23777	NSA 104881	  120.118980	  120.119000	   15.453100	  120.119000
17194	RXJ0821.0+0752	  125.683792	  125.259167	    8.218939	  125.259167
17563	RXJ0821.0+0752	  125.683792	  125.259167	    8.218939	  125.259167
9154	SDSS J102258.41+123429.7	  155.952170	  155.743333	   12.629830	  155.743333
5929	NGC 3351	  160.990420	  160.991667	   11.703810	  160.991667
5930	NGC 3351	  160.990420	  160.991667	   11.703810	  160.991667
5931	NGC 3351	  160.990420	  160.991667	   11.703810	  160.991667
13765	SN 2012aw	  160.990420	  160.974000	   11.703810	  160.974000
21001	SN2012aw	  160.990420	  160.975000	   11.703810	  160.975000
5591	PSR J1537+1155	  234.715420	  234.291500	   12.080650	  234.291500
16346	NGC3423	  162.809710	  162.809583	    5.840030	  162.809583
5519	PSR B1133+16	  173.901640	  174.013125	   15.975044	  174.013125
9254	3CR 267	  177.135200	  177.485417	   12.705293	  177.485417
9406	HCG 59	  177.135200	  177.112500	   12.705293	  177.112500
2934	NGC3377	  161.926670	  161.924167	   13.985640	  161.924167
12808	NGC 3367	  161.926670	  161.645833	   13.985640	  161.645833
392	NGC 3489	  165.077370	  165.075417	   13.901220	  165.075417
21353	SN 2000ew	  175.244820	  175.243750	   11.471141	  175.243750
395	NGC 3628	  170.070890	  170.067500	   13.589687	  170.067500
2039	NGC 3628	  170.070890	  170.070833	   13.589687	  170.070833
2918	NGC 3628	  170.070890	  170.156250	   13.589687	  170.156250
2919	NGC 3628	  170.070890	  170.156250	   13.589687	  170.156250
13972	2MASX J10055117+1257403	  151.463300	  151.463333	   12.961300	  151.463333
1587	NGC3379	  162.070360	  161.958333	   12.629270	  161.958333
4692	NGC 3384	  162.070360	  162.070833	   12.629270	  162.070833
7073	NGC3379	  162.070360	  161.957083	   12.629270	  161.957083
7074	NGC3379	  162.070360	  161.957083	   12.629270	  161.957083
7075	NGC3379	  162.070360	  161.957083	   12.629270	  161.957083
7076	NGC3379	  162.070360	  161.957083	   12.629270	  161.957083
11782	NGC3384	  162.070360	  162.070417	   12.629270	  162.070417
13829	NGC 3384	  162.070360	  162.070417	   12.629270	  162.070417
9154	SDSS J102258.41+123429.7	  155.409370	  155.743333	   12.576123	  155.743333
11852	PG 1001+054	  151.198610	  151.083750	    5.368597	  151.083750
23168	PG 1001+054	  151.198610	  151.072586	    5.368597	  151.072586
5627	CXOMP J084128.3+131107	  130.816670	  130.366667	   13.085860	  130.366667
19318	NGC2513	  120.865180	  120.602917	    9.709965	  120.602917
23777	NSA 104881	  120.248370	  120.119000	   15.624780	  120.119000
13310	SDSS J1608+0715	  242.071960	  242.182917	    7.538500	  242.182917
18223	CSWA 11	  120.180300	  120.054583	    8.638814	  120.054583
15161	ZwCl 1665	  125.508210	  125.797917	    4.392730	  125.797917
13932	SDSS J080137.06+134022.7	  120.158580	  120.404583	   13.656393	  120.404583
19318	NGC2513	  120.626600	  120.602917	    9.075999	  120.602917
9254	3CR 267	  177.378000	  177.485417	   12.677094	  177.485417
9406	HCG 59	  177.378000	  177.112500	   12.677094	  177.112500
18223	CSWA 11	  120.399414	  120.054583	    8.100156	  120.054583
23058	CSWA 11	  120.399414	  120.054417	    8.100156	  120.054417
23122	CSWA 11	  120.399414	  120.054417	    8.100156	  120.054417
9254	3CR 267	  177.127770	  177.485417	   12.729800	  177.485417
9406	HCG 59	  177.127770	  177.112500	   12.729800	  177.112500
2095	3C 228	  147.269540	  147.544583	   13.880750	  147.544583
2453	3C 228	  147.269540	  147.544583	   13.880750	  147.544583
20565	SDSSJ0957+0509	  149.674040	  149.412500	    5.264360	  149.412500
11712	MACS J0940.9+0744	  145.128360	  145.223750	    7.489430	  145.223750
14387	NSC J113249+143108	  173.138330	  173.239583	   14.200830	  173.239583
2930	NGC 5954	  233.920130	  233.646250	   15.549004	  233.646250
4023	NGC5953	  233.920130	  233.635000	   15.549004	  233.635000
15161	ZwCl 1665	  125.556550	  125.797917	    4.197700	  125.797917
25056	AT2019avd	  125.556550	  125.903198	    4.197700	  125.903198
25060	AT2019avd	  125.556550	  125.903198	    4.197700	  125.903198
17037	SDSS J152637.36+065941.6	  231.894920	  231.655833	    6.900513	  231.655833
22507	J142615.1+100213.5	  216.589240	  216.562800	   10.163340	  216.562800
7875	PKS 1413+135	  214.053151	  213.995000	   13.454945	  213.995000
22914	PKS 1413+135	  214.053151	  213.995000	   13.454945	  213.995000
22915	PKS 1413+135	  214.053151	  213.995000	   13.454945	  213.995000
22916	PKS 1413+135	  214.053151	  213.995000	   13.454945	  213.995000
22917	PKS 1413+135	  214.053151	  213.995000	   13.454945	  213.995000
22918	PKS 1413+135	  214.053151	  213.995000	   13.454945	  213.995000
19318	NGC2513	  120.393700	  120.602917	    9.304851	  120.602917
17538	SDSS J152304.97+114553.6	  231.053530	  230.770833	   11.693884	  230.770833
394	NGC 3627	  170.577330	  170.062083	   13.065050	  170.062083
23698	MCG2-30-017	  175.505233	  175.570292	   13.698738	  175.570292
13932	SDSS J080137.06+134022.7	  120.228580	  120.404583	   13.396780	  120.404583
5606	PG 1004+130	  151.795750	  151.858750	   12.651360	  151.858750
16034	PG 1004+130	  151.795750	  151.858750	   12.651360	  151.858750
13951	SDSS J135646.11+102609.1	  209.097570	  209.192083	   10.103817	  209.192083
17047	SDSS J135646.10+102609.0	  209.097570	  209.192083	   10.103817	  209.192083
18826	SDSS J135646.10+102609.0	  209.097570	  209.192083	   10.103817	  209.192083
434	3C 212	  134.642400	  134.671667	   13.928279	  134.671667
24764	RX J0859.1+0537	  134.624350	  134.788250	    6.321260	  134.788250
11122	SN2010jl	  146.080780	  145.722208	    9.984620	  145.722208
11702	SDSS J094417.85+093019.4	  146.080780	  146.074583	    9.984620	  146.074583
12706	SDSS J094533.99+100950.1	  146.080780	  146.391667	    9.984620	  146.391667
13199	SN2010jl	  146.080780	  145.722208	    9.984620	  145.722208
15003	3C226	  146.080780	  146.068333	    9.984620	  146.068333
22529	SDSS J0945+1009	  146.080780	  146.391583	    9.984620	  146.391583
23775	NSA 51928	  146.080780	  146.080792	    9.984620	  146.080792
15161	ZwCl 1665	  125.608030	  125.797917	    4.163250	  125.797917
25056	AT2019avd	  125.608030	  125.903198	    4.163250	  125.903198
25060	AT2019avd	  125.608030	  125.903198	    4.163250	  125.903198
17071	NGC3773	  174.554040	  174.554167	   12.111920	  174.554167
11122	SN2010jl	  145.678710	  145.722208	    9.456140	  145.722208
11237	SN 2010jl	  145.678710	  145.722208	    9.456140	  145.722208
13199	SN2010jl	  145.678710	  145.722208	    9.456140	  145.722208
13781	SN 2010jl	  145.678710	  145.722083	    9.456140	  145.722083
13782	SN 2010jl	  145.678710	  145.722083	    9.456140	  145.722083
15869	SN 2010jl	  145.678710	  145.722083	    9.456140	  145.722083
19164	SN 2010jl	  145.678710	  145.722200	    9.456140	  145.722200
20408	J1405+0415	  211.066010	  211.254583	    4.112190	  211.254583
23649	QSO B1402+044	  211.066010	  211.254583	    4.112190	  211.254583
24316	QSO B1402+044	  211.066010	  211.254583	    4.112190	  211.254583
24317	QSO B1402+044	  211.066010	  211.254583	    4.112190	  211.254583
25011	QSO B1402+044	  211.066010	  211.254583	    4.112190	  211.254583
25014	QSO B1402+044	  211.066010	  211.254583	    4.112190	  211.254583
9205	[BTW2010] SS2	  143.781150	  143.731667	    5.120070	  143.731667
11122	SN2010jl	  145.733770	  145.722208	    9.475140	  145.722208
11237	SN 2010jl	  145.733770	  145.722208	    9.475140	  145.722208
13199	SN2010jl	  145.733770	  145.722208	    9.475140	  145.722208
13781	SN 2010jl	  145.733770	  145.722083	    9.475140	  145.722083
13782	SN 2010jl	  145.733770	  145.722083	    9.475140	  145.722083
15003	3C226	  145.733770	  146.068333	    9.475140	  146.068333
15869	SN 2010jl	  145.733770	  145.722083	    9.475140	  145.722083
19164	SN 2010jl	  145.733770	  145.722200	    9.475140	  145.722200
12808	NGC 3367	  161.339390	  161.645833	   13.714204	  161.645833
5606	PG 1004+130	  151.988000	  151.858750	   13.227420	  151.858750
16034	PG 1004+130	  151.988000	  151.858750	   13.227420	  151.858750
13314	QSO J1538+0855	  234.726200	  234.627083	    8.593711	  234.627083
15053	IC 2810	  171.213200	  171.447083	   14.795790	  171.447083
13321	SDSS J111119.10+133603.9	  167.623410	  167.829583	   13.766150	  167.829583
17082	SDSS J111119.10+133603.8	  167.623410	  167.829583	   13.766150	  167.829583
3968	3C296	  213.959840	  214.220417	   10.961308	  214.220417
19318	NGC2513	  120.527290	  120.602917	    9.377318	  120.602917
11237	SN 2010jl	  146.012120	  145.722208	    9.374210	  145.722208
11702	SDSS J094417.85+093019.4	  146.012120	  146.074583	    9.374210	  146.074583
13781	SN 2010jl	  146.012120	  145.722083	    9.374210	  145.722083
15003	3C226	  146.012120	  146.068333	    9.374210	  146.068333
13325	SDSS J0947+1421	  146.670500	  146.892500	   14.197766	  146.892500
13932	SDSS J080137.06+134022.7	  120.696430	  120.404583	   13.758650	  120.404583
18223	CSWA 11	  120.416790	  120.054583	    8.589649	  120.054583
19439	SDSS J154543.55+085801.3	  236.612950	  236.431667	    8.656910	  236.431667
3211	ABELL 2147	  240.065100	  240.530000	   15.769222	  240.530000
7875	PKS 1413+135	  214.284650	  213.995000	   13.687100	  213.995000
22914	PKS 1413+135	  214.284650	  213.995000	   13.687100	  213.995000
22915	PKS 1413+135	  214.284650	  213.995000	   13.687100	  213.995000
22918	PKS 1413+135	  214.284650	  213.995000	   13.687100	  213.995000
5704	SDSS J143752.76+042854.5	  219.787870	  219.470000	    4.551810	  219.470000
24717	J111208.75+085030.4	  168.064320	  168.036500	    8.628677	  168.036500
15386	ngc5248	  203.939700	  204.383333	    8.969070	  204.383333
13935	SDSS J114702.51+162534.5	  176.733070	  176.760417	   15.940080	  176.760417
18230	[SMS2007] 14	  176.996000	  176.698333	   10.140500	  176.698333
20503	ClG J114820+102108	  176.996000	  177.091250	   10.140500	  177.091250
7831	NGC 3299	  159.391775	  159.099167	   12.464972	  159.099167
5626	3C 191	  121.636630	  121.199583	   10.130069	  121.199583
19318	NGC2513	  120.624100	  120.602917	    9.462021	  120.602917
11122	SN2010jl	  145.757788	  145.722208	    9.252591	  145.722208
11237	SN 2010jl	  145.757788	  145.722208	    9.252591	  145.722208
11702	SDSS J094417.85+093019.4	  145.757788	  146.074583	    9.252591	  146.074583
13199	SN2010jl	  145.757788	  145.722208	    9.252591	  145.722208
13781	SN 2010jl	  145.757788	  145.722083	    9.252591	  145.722083
13782	SN 2010jl	  145.757788	  145.722083	    9.252591	  145.722083
15869	SN 2010jl	  145.757788	  145.722083	    9.252591	  145.722083
19164	SN 2010jl	  145.757788	  145.722200	    9.252591	  145.722200
2130	3C 207	  130.190380	  130.200000	   13.706766	  130.200000
15708	Wasp-38	  243.714550	  243.960000	    9.673321	  243.960000
10399	CGCG049-057	  228.424250	  228.304583	    6.934254	  228.304583
12808	NGC 3367	  161.360250	  161.645833	   13.444810	  161.645833
18149	Teacup AGN	  217.682080	  217.624583	   13.952403	  217.624583
22589	SDSS J143029.88+133912.0	  217.682080	  217.624458	   13.952403	  217.624458
22972	SDSS J143029.88+133912.0	  217.682080	  217.624458	   13.952403	  217.624458
22973	SDSS J143029.88+133912.0	  217.682080	  217.624458	   13.952403	  217.624458
23088	SDSS J143029.88+133912.0	  217.682080	  217.624458	   13.952403	  217.624458
22307	HD 141004	  236.540520	  236.610875	    6.898470	  236.610875
5519	PSR B1133+16	  174.053830	  174.013125	   15.733140	  174.013125
4875	Mrk 1210	  121.154654	  121.024167	    5.358858	  121.024167
9264	UGC 4203	  121.154654	  121.024167	    5.358858	  121.024167
9265	UGC 4203	  121.154654	  121.024167	    5.358858	  121.024167
9266	UGC 4203	  121.154654	  121.024167	    5.358858	  121.024167
9267	UGC 4203	  121.154654	  121.024167	    5.358858	  121.024167
9268	UGC 4203	  121.154654	  121.024167	    5.358858	  121.024167
14932	NGC 5373	  209.231580	  209.281250	    5.151880	  209.281250
2934	NGC3377	  161.864320	  161.924167	   13.889750	  161.924167
12808	NGC 3367	  161.864320	  161.645833	   13.889750	  161.645833
9154	SDSS J102258.41+123429.7	  155.861380	  155.743333	   12.815530	  155.743333
15161	ZwCl 1665	  125.901200	  125.797917	    4.247260	  125.797917
25056	AT2019avd	  125.901200	  125.903198	    4.247260	  125.903198
25060	AT2019avd	  125.901200	  125.903198	    4.247260	  125.903198
1630	PG1115+080	  170.030440	  169.570417	    7.335730	  169.570417
17107	3C190	  120.727830	  120.389583	   14.425280	  120.389583
5606	PG 1004+130	  151.888300	  151.858750	   13.106560	  151.858750
16034	PG 1004+130	  151.888300	  151.858750	   13.106560	  151.858750
13368	SDSS J114358.52+052444.9	  176.017270	  175.993750	    5.234110	  175.993750
18223	CSWA 11	  120.485870	  120.054583	    8.125941	  120.054583
22356	HD 114174	  197.276960	  197.212583	    5.243110	  197.212583
15329	NGC2940	  144.374920	  144.521667	    9.552170	  144.521667
6842	3C227	  146.910960	  146.907917	    7.018030	  146.907917
7265	3C227	  146.910960	  146.907917	    7.018030	  146.907917
2934	NGC3377	  161.761510	  161.924167	   13.567080	  161.924167
12808	NGC 3367	  161.761510	  161.645833	   13.567080	  161.645833
24764	RX J0859.1+0537	  134.604240	  134.788250	    6.335040	  134.788250
2402	KIG 0284	  131.551910	  131.419000	    7.267060	  131.419000
13336	SDSS J0904+1309	  135.943760	  136.097500	   12.734658	  136.097500
18223	CSWA 11	  120.195910	  120.054583	    8.638900	  120.054583
19318	NGC2513	  120.640330	  120.602917	    9.389835	  120.602917
5629	2MASS J11135466+1244390	  168.654150	  168.477917	   12.817670	  168.477917
7084	NGC 3593	  168.654150	  168.654167	   12.817670	  168.654167
11852	PG 1001+054	  151.245290	  151.083750	    5.364670	  151.083750
23168	PG 1001+054	  151.245290	  151.072586	    5.364670	  151.072586
9254	3CR 267	  177.300960	  177.485417	   12.631580	  177.485417
9406	HCG 59	  177.300960	  177.112500	   12.631580	  177.112500
9254	3CR 267	  177.074550	  177.485417	   12.725880	  177.485417
9406	HCG 59	  177.074550	  177.112500	   12.725880	  177.112500
19318	NGC2513	  120.491970	  120.602917	    9.390061	  120.602917
19558	SDSSJ155837.77+081345.8	  239.979230	  239.657500	    7.987860	  239.657500
15329	NGC2940	  144.589050	  144.521667	    9.895460	  144.521667
19318	NGC2513	  120.643840	  120.602917	    9.671571	  120.602917
18230	[SMS2007] 14	  176.474030	  176.698333	    9.899780	  176.698333
21565	eMACSJ0935.1+0614	  144.035790	  143.763333	    6.257060	  143.763333
13932	SDSS J080137.06+134022.7	  120.121130	  120.404583	   13.308440	  120.404583
13933	SDSS J075952.64+141358.9	  119.986540	  119.969167	   13.842530	  119.969167
14947	SDSS J094808.39+161414.1	  147.084530	  147.035000	   15.848564	  147.035000
20404	J0909+0354	  137.316670	  137.316250	    4.113150	  137.316250
22568	SDSS J090915.91+035442.7	  137.316670	  137.316250	    4.113150	  137.316250
23161	SDSS J090915.91+035442.7	  137.316670	  137.316250	    4.113150	  137.316250
23162	SDSS J090915.91+035442.7	  137.316670	  137.316250	    4.113150	  137.316250
9406	HCG 59	  177.056250	  177.112500	   12.655330	  177.112500
9096	SN 2005ip	  143.407420	  143.026667	    8.463880	  143.026667
13861	SDSS J131659.37+035319.8	  199.372000	  199.247500	    4.059700	  199.247500
9250	3CR 208	  133.473920	  133.285833	   13.569548	  133.285833
13203	ULAS J1120+0641	  170.347620	  170.006250	    6.667110	  170.006250
1587	NGC3379	  162.340490	  161.958333	   12.905600	  161.958333
4692	NGC 3384	  162.340490	  162.070833	   12.905600	  162.070833
7073	NGC3379	  162.340490	  161.957083	   12.905600	  161.957083
7076	NGC3379	  162.340490	  161.957083	   12.905600	  161.957083
11782	NGC3384	  162.340490	  162.070417	   12.905600	  162.070417
13829	NGC 3384	  162.340490	  162.070417	   12.905600	  162.070417
18223	CSWA 11	  120.165310	  120.054583	    8.461042	  120.054583
22716	CSWA 11	  120.165310	  120.054417	    8.461042	  120.054417
23058	CSWA 11	  120.165310	  120.054417	    8.461042	  120.054417
23122	CSWA 11	  120.165310	  120.054417	    8.461042	  120.054417
2934	NGC3377	  161.724950	  161.924167	   13.779380	  161.924167
12808	NGC 3367	  161.724950	  161.645833	   13.779380	  161.645833
19318	NGC2513	  120.448740	  120.602917	    9.605455	  120.602917
11122	SN2010jl	  145.752230	  145.722208	    9.474516	  145.722208
11237	SN 2010jl	  145.752230	  145.722208	    9.474516	  145.722208
11702	SDSS J094417.85+093019.4	  145.752230	  146.074583	    9.474516	  146.074583
13199	SN2010jl	  145.752230	  145.722208	    9.474516	  145.722208
13781	SN 2010jl	  145.752230	  145.722083	    9.474516	  145.722083
13782	SN 2010jl	  145.752230	  145.722083	    9.474516	  145.722083
15003	3C226	  145.752230	  146.068333	    9.474516	  146.068333
15869	SN 2010jl	  145.752230	  145.722083	    9.474516	  145.722083
19164	SN 2010jl	  145.752230	  145.722200	    9.474516	  145.722200
17045	SDSS J103412.34+072003.6	  158.661620	  158.551250	    7.031580	  158.551250
11363	NGC6017	  239.153510	  239.315000	    6.194060	  239.315000
4692	NGC 3384	  162.236960	  162.070833	   12.194920	  162.070833
7073	NGC3379	  162.236960	  161.957083	   12.194920	  161.957083
7076	NGC3379	  162.236960	  161.957083	   12.194920	  161.957083
11782	NGC3384	  162.236960	  162.070417	   12.194920	  162.070417
17075	Mrk 1263	  162.236960	  162.237083	   12.194920	  162.237083
9154	SDSS J102258.41+123429.7	  155.914000	  155.743333	   12.623780	  155.743333
23766	SDSSJ1550+0806	  237.895876	  237.740417	    8.031250	  237.740417
13933	SDSS J075952.64+141358.9	  119.841692	  119.969167	   14.161058	  119.969167
18609	Jupiter	  165.640580	  165.591800	    7.135260	  165.591800
9749	Venus	  171.534580	  168.733292	    4.062360	  168.733292
9752	Venus	  171.534580	  168.733292	    4.062360	  168.733292
9753	Venus	  171.534580	  168.733292	    4.062360	  168.733292
12706	SDSS J094533.99+100950.1	  146.773920	  146.391667	    9.851610	  146.391667
16759	PSR B0943+10	  146.773920	  146.532083	    9.851610	  146.532083
1587	NGC3379	  162.321760	  161.958333	   12.421760	  161.958333
4692	NGC 3384	  162.321760	  162.070833	   12.421760	  162.070833
7073	NGC3379	  162.321760	  161.957083	   12.421760	  161.957083
7076	NGC3379	  162.321760	  161.957083	   12.421760	  161.957083
11782	NGC3384	  162.321760	  162.070417	   12.421760	  162.070417
17075	Mrk 1263	  162.321760	  162.237083	   12.421760	  162.237083
4693	NGC 3412	  162.579010	  162.720833	   13.271860	  162.720833
939	AX J1510+0742	  227.691541	  227.597500	    7.187135	  227.597500
5626	3C 191	  120.932930	  121.199583	   10.149254	  121.199583
13325	SDSS J0947+1421	  147.045390	  146.892500	   14.553672	  146.892500
5606	PG 1004+130	  151.777150	  151.858750	   12.897600	  151.858750
16034	PG 1004+130	  151.777150	  151.858750	   12.897600	  151.858750
12982	NGC 5964	  234.264930	  234.401250	    6.040174	  234.401250
10346	F09039+0503	  136.627115	  136.642083	    5.186354	  136.642083
392	NGC 3489	  165.216400	  165.075417	   13.881329	  165.075417
13325	SDSS J0947+1421	  146.984722	  146.892500	   14.403683	  146.892500
20476	SDSS J094004.80+052630.8	  145.234580	  145.020000	    5.044610	  145.020000
14387	NSC J113249+143108	  173.008040	  173.239583	   14.610780	  173.239583
9154	SDSS J102258.41+123429.7	  155.859750	  155.743333	   12.595140	  155.743333
14932	NGC 5373	  209.348210	  209.281250	    5.573670	  209.281250
11122	SN2010jl	  146.154670	  145.722208	   10.012880	  145.722208
11702	SDSS J094417.85+093019.4	  146.154670	  146.074583	   10.012880	  146.074583
12706	SDSS J094533.99+100950.1	  146.154670	  146.391667	   10.012880	  146.391667
13199	SN2010jl	  146.154670	  145.722208	   10.012880	  145.722208
15003	3C226	  146.154670	  146.068333	   10.012880	  146.068333
22529	SDSS J0945+1009	  146.154670	  146.391583	   10.012880	  146.391583
23775	NSA 51928	  146.154670	  146.080792	   10.012880	  146.080792
5177	HR 5392	  215.931940	  216.047500	    5.876860	  216.047500
11363	NGC6017	  239.060140	  239.315000	    6.098170	  239.315000
7831	NGC 3299	  159.099170	  159.099167	   12.707390	  159.099167
19318	NGC2513	  120.533529	  120.602917	    9.649308	  120.602917
9745	Venus	  171.272630	  168.733292	    4.121000	  168.733292
9746	Venus	  171.272630	  168.733292	    4.121000	  168.733292
9747	Venus	  171.272630	  168.733292	    4.121000	  168.733292
9748	Venus	  171.272630	  168.733292	    4.121000	  168.733292
9749	Venus	  171.272630	  168.733292	    4.121000	  168.733292
9752	Venus	  171.272630	  168.733292	    4.121000	  168.733292
9753	Venus	  171.272630	  168.733292	    4.121000	  168.733292
13980	NGC 5674	  218.844940	  218.490833	    5.276550	  218.490833
23766	SDSSJ1550+0806	  237.897141	  237.740417	    8.014642	  237.740417
2402	KIG 0284	  131.548196	  131.419000	    7.049614	  131.419000
363	PG 1115+080	  169.441090	  169.570833	    7.639190	  169.570833
1630	PG1115+080	  169.441090	  169.570417	    7.639190	  169.570417
7757	PG1115+080	  169.441090	  169.570833	    7.639190	  169.570833
10730	PG 1115+080	  169.441090	  169.570417	    7.639190	  169.570417
10795	PG 1115+080	  169.441090	  169.570417	    7.639190	  169.570417
10796	PG 1115+080	  169.441090	  169.570417	    7.639190	  169.570417
11857	PG 1115+080	  169.441090	  169.570417	    7.639190	  169.570417
12093	PG 1115+080	  169.441090	  169.570417	    7.639190	  169.570417
12094	PG 1115+080	  169.441090	  169.570417	    7.639190	  169.570417
4642	SN1988Z	  162.657830	  162.958750	   15.763470	  162.958750
14932	NGC 5373	  209.088820	  209.281250	    5.328960	  209.281250
9096	SN 2005ip	  143.036720	  143.026667	    8.469660	  143.026667
18802	SN 2005ip	  143.036720	  143.026667	    8.469660	  143.026667
19298	SN 2005ip	  143.036720	  143.026667	    8.469660	  143.026667
900	MKW 3S	  230.185824	  230.466250	    7.245040	  230.466250
24972	SDSSJ100438.82+151057.3	  151.000661	  151.161758	   15.249927	  151.161758
5606	PG 1004+130	  151.929303	  151.858750	   12.370210	  151.858750
15374	GMBCG J154.45050+03.86041	  154.299290	  154.450417	    4.330780	  154.450417
12395	HD 120066	  206.670890	  206.737917	    6.654318	  206.737917
9250	3CR 208	  133.140660	  133.285833	   13.841221	  133.285833
20507	ClG J092921+120505	  142.466000	  142.322083	   11.926610	  142.322083
5704	SDSS J143752.76+042854.5	  219.593990	  219.470000	    4.613280	  219.470000
19318	NGC2513	  120.891066	  120.602917	    9.125468	  120.602917
4692	NGC 3384	  162.361260	  162.070833	   12.257780	  162.070833
11782	NGC3384	  162.361260	  162.070417	   12.257780	  162.070417
17075	Mrk 1263	  162.361260	  162.237083	   12.257780	  162.237083
2930	NGC 5954	  233.638220	  233.646250	   15.133591	  233.646250
4023	NGC5953	  233.638220	  233.635000	   15.133591	  233.635000
23139	RMJ084114.3+075843.6	  130.089008	  130.309494	    7.892605	  130.309494
24764	RX J0859.1+0537	  134.837700	  134.788250	    4.942000	  134.788250
15677	Comet C/2012 S1 (ISON)	  171.416690	  170.970000	    4.676530	  170.970000
17759	2MASS J10252645+0512391	  156.443170	  156.359167	    5.653470	  156.359167
15374	GMBCG J154.45050+03.86041	  154.287580	  154.450417	    4.344310	  154.450417
15674	Comet C/2012 S1 (ISON)	  170.546120	  170.827220	    4.661560	  170.827220
15677	Comet C/2012 S1 (ISON)	  170.546120	  170.970000	    4.661560	  170.970000
16494	Comet C/2012 S1 (ISON)	  170.546120	  170.900000	    4.661560	  170.900000
11363	NGC6017	  239.010822	  239.315000	    5.456181	  239.315000
394	NGC 3627	  170.596620	  170.062083	   13.077810	  170.062083
6882	SDSS J100711.81+053208.9	  151.850250	  151.799167	    5.325310	  151.799167
11363	NGC6017	  239.155728	  239.315000	    5.968646	  239.315000
6821	SDSS J0942+0422	  145.578960	  145.508333	    4.689390	  145.508333
18099	3CR 222.0	  144.347976	  144.133333	    4.098510	  144.133333
1587	NGC3379	  162.326750	  161.958333	   12.378200	  161.958333
4692	NGC 3384	  162.326750	  162.070833	   12.378200	  162.070833
7073	NGC3379	  162.326750	  161.957083	   12.378200	  161.957083
7076	NGC3379	  162.326750	  161.957083	   12.378200	  161.957083
11782	NGC3384	  162.326750	  162.070417	   12.378200	  162.070417
17075	Mrk 1263	  162.326750	  162.237083	   12.378200	  162.237083
16975	GALEX J100712.2+065736	  151.519565	  151.800000	    7.135159	  151.800000
3067	HS 0854+0915	  134.272667	  134.350000	    9.118312	  134.350000
391	NGC 3368	  161.672160	  161.690833	   12.327050	  161.690833
1587	NGC3379	  161.672160	  161.958333	   12.327050	  161.958333
7073	NGC3379	  161.672160	  161.957083	   12.327050	  161.957083
7074	NGC3379	  161.672160	  161.957083	   12.327050	  161.957083
7075	NGC3379	  161.672160	  161.957083	   12.327050	  161.957083
7076	NGC3379	  161.672160	  161.957083	   12.327050	  161.957083
11237	SN 2010jl	  146.182890	  145.722208	    9.615010	  145.722208
11702	SDSS J094417.85+093019.4	  146.182890	  146.074583	    9.615010	  146.074583
15003	3C226	  146.182890	  146.068333	    9.615010	  146.068333
16759	PSR B0943+10	  146.182890	  146.532083	    9.615010	  146.532083
23775	NSA 51928	  146.182890	  146.080792	    9.615010	  146.080792
4187	A2063	  231.137242	  230.772292	    8.515502	  230.772292
5795	A2063	  231.137242	  230.772083	    8.515502	  230.772083
6262	A2063	  231.137242	  230.772083	    8.515502	  230.772083
6263	A2063	  231.137242	  230.772083	    8.515502	  230.772083
23733	CGCG077-117	  231.137242	  231.052417	    8.515502	  231.052417
3026	QSO J1603+0721	  240.699640	  240.837125	    6.875186	  240.837125
13354	QSO J0958+1202	  149.900570	  149.717500	   11.775040	  149.717500
2934	NGC3377	  161.843150	  161.924167	   14.071200	  161.924167
12808	NGC 3367	  161.843150	  161.645833	   14.071200	  161.645833
23698	MCG2-30-017	  175.236460	  175.570292	   14.074220	  175.570292
1647	RX J0821.0+0752	  125.524740	  125.260000	    8.300190	  125.260000
17194	RXJ0821.0+0752	  125.524740	  125.259167	    8.300190	  125.259167
17563	RXJ0821.0+0752	  125.524740	  125.259167	    8.300190	  125.259167
14912	Mrk 750	  177.511390	  177.511250	   15.023189	  177.511250
21565	eMACSJ0935.1+0614	  143.686330	  143.763333	    6.425500	  143.763333
14912	Mrk 750	  177.733290	  177.511250	   14.594830	  177.511250
18931	beta Leo	  177.733290	  177.265000	   14.594830	  177.265000
10373	QSO B1116+128	  169.675780	  169.738750	   12.561608	  169.738750
1290	RX J1419.9+0634	  214.461427	  214.750000	    6.840476	  214.750000
1291	RX J1419.9+0634	  214.461427	  214.750000	    6.840476	  214.750000
2934	NGC3377	  162.223970	  161.924167	   14.124520	  161.924167
24685	RX J0859.1+0537	  134.726965	  134.788250	    5.526735	  134.788250
24764	RX J0859.1+0537	  134.726965	  134.788250	    5.526735	  134.788250
1587	NGC3379	  162.180570	  161.958333	   12.315400	  161.958333
4692	NGC 3384	  162.180570	  162.070833	   12.315400	  162.070833
7073	NGC3379	  162.180570	  161.957083	   12.315400	  161.957083
7076	NGC3379	  162.180570	  161.957083	   12.315400	  161.957083
11782	NGC3384	  162.180570	  162.070417	   12.315400	  162.070417
13829	NGC 3384	  162.180570	  162.070417	   12.315400	  162.070417
17075	Mrk 1263	  162.180570	  162.237083	   12.315400	  162.237083
7831	NGC 3299	  159.369360	  159.099167	   12.396280	  159.099167
23698	MCG2-30-017	  175.793730	  175.570292	   14.224710	  175.570292
14387	NSC J113249+143108	  173.462130	  173.239583	   14.054170	  173.239583
4693	NGC 3412	  162.756290	  162.720833	   13.333470	  162.720833
6842	3C227	  147.024540	  146.907917	    7.129110	  146.907917
7265	3C227	  147.024540	  146.907917	    7.129110	  146.907917
394	NGC 3627	  170.600080	  170.062083	   12.979560	  170.062083
14912	Mrk 750	  177.379290	  177.511250	   15.261030	  177.511250
5629	2MASS J11135466+1244390	  168.687580	  168.477917	   12.647700	  168.477917
7084	NGC 3593	  168.687580	  168.654167	   12.647700	  168.654167
2795	RXJ0806.3+1527	  121.554430	  121.596667	   15.503940	  121.596667
4523	RX J0806.3+1527	  121.554430	  121.596667	   15.503940	  121.596667
4524	RX J0806.3+1527	  121.554430	  121.596667	   15.503940	  121.596667
4525	RX J0806.3+1527	  121.554430	  121.596667	   15.503940	  121.596667
4526	RX J0806.3+1527	  121.554430	  121.596667	   15.503940	  121.596667
4527	RX J0806.3+1527	  121.554430	  121.596667	   15.503940	  121.596667
5282	RX J0806.3+1527	  121.554430	  121.596667	   15.503940	  121.596667
6562	RX J0806.3+1527	  121.554430	  121.596667	   15.503940	  121.596667
7249	RX J0806.3+1527	  121.554430	  121.596667	   15.503940	  121.596667
11027	RX J0806.3+1527	  121.554430	  121.596667	   15.503940	  121.596667
11028	RX J0806.3+1527	  121.554430	  121.596667	   15.503940	  121.596667
12060	RX J0806.3+1527	  121.554430	  121.596667	   15.503940	  121.596667
12061	RX J0806.3+1527	  121.554430	  121.596667	   15.503940	  121.596667
1587	NGC3379	  161.740000	  161.958333	   12.999000	  161.958333
7074	NGC3379	  161.740000	  161.957083	   12.999000	  161.957083
