Num	ObsID						Target Name			         My RA			   CSC RA			My DEC		  CSC DEC
   1	  19318	                       NGC2513	  120.602800	  120.602917	    9.413560	  120.602917
   4	  23777	                    NSA 104881	  120.405040	  120.119000	   15.709740	  120.119000
   8	   1587	                       NGC3379	  161.956670	  161.958333	   12.581640	  161.958333
   8	   4692	                      NGC 3384	  161.956670	  162.070833	   12.581640	  162.070833
   8	   7073	                       NGC3379	  161.956670	  161.957083	   12.581640	  161.957083
   8	   7074	                       NGC3379	  161.956670	  161.957083	   12.581640	  161.957083
   8	   7075	                       NGC3379	  161.956670	  161.957083	   12.581640	  161.957083
   8	   7076	                       NGC3379	  161.956670	  161.957083	   12.581640	  161.957083
   8	  11782	                       NGC3384	  161.956670	  162.070417	   12.581640	  162.070417
   8	  13829	                      NGC 3384	  161.956670	  162.070417	   12.581640	  162.070417
  13	    394	                      NGC 3627	  170.062430	  170.062083	   12.991520	  170.062083
  13	   1637	                      NGC 3623	  170.062430	  169.731667	   12.991520	  169.731667
  13	   2039	                      NGC 3628	  170.062430	  170.070833	   12.991520	  170.070833
  13	   2918	                      NGC 3628	  170.062430	  170.156250	   12.991520	  170.156250
  13	   2919	                      NGC 3628	  170.062430	  170.156250	   12.991520	  170.156250
  13	   9548	                      NGC 3627	  170.062430	  170.062917	   12.991520	  170.062917
  14	  18223	                       CSWA 11	  120.488400	  120.054583	    8.551880	  120.054583
  14	  23122	                       CSWA 11	  120.488400	  120.054417	    8.551880	  120.054417
  18	   2934	                       NGC3377	  161.645640	  161.924167	   13.750859	  161.924167
  18	  12808	                      NGC 3367	  161.645640	  161.645833	   13.750859	  161.645833
  22	  10750	  [KMA2007] 134.16968+05.89649	  134.710290	  134.169583	    6.293000	  134.169583
  22	  24764	               RX J0859.1+0537	  134.710290	  134.788250	    6.293000	  134.788250
  23	  18149	                    Teacup AGN	  217.242630	  217.624583	   13.861880	  217.624583
  23	  22589	      SDSS J143029.88+133912.0	  217.242630	  217.624458	   13.861880	  217.624458
  23	  22972	      SDSS J143029.88+133912.0	  217.242630	  217.624458	   13.861880	  217.624458
  23	  22973	      SDSS J143029.88+133912.0	  217.242630	  217.624458	   13.861880	  217.624458
  23	  23088	      SDSS J143029.88+133912.0	  217.242630	  217.624458	   13.861880	  217.624458
  23	  23243	      SDSS J143029.88+133912.0	  217.242630	  217.624458	   13.861880	  217.624458
  26	  18149	                    Teacup AGN	  217.712440	  217.624583	   13.968520	  217.624583
  26	  22589	      SDSS J143029.88+133912.0	  217.712440	  217.624458	   13.968520	  217.624458
  26	  22972	      SDSS J143029.88+133912.0	  217.712440	  217.624458	   13.968520	  217.624458
  26	  22973	      SDSS J143029.88+133912.0	  217.712440	  217.624458	   13.968520	  217.624458
  26	  23088	      SDSS J143029.88+133912.0	  217.712440	  217.624458	   13.968520	  217.624458
  26	  23243	      SDSS J143029.88+133912.0	  217.712440	  217.624458	   13.968520	  217.624458
  28	   9154	      SDSS J102258.41+123429.7	  155.933170	  155.743333	   12.567770	  155.743333
  36	  23777	                    NSA 104881	  120.346380	  120.119000	   15.369260	  120.119000
  37	  12916	                  1ES 1553+113	  239.533240	  238.929167	   12.070290	  238.929167
  39	  15386	                       ngc5248	  204.383420	  204.383333	    8.885180	  204.383333
  42	  10269	       SDSSJ094426.96+042956.8	  146.514760	  146.112083	    4.403450	  146.112083
  51	  23777	                    NSA 104881	  119.917160	  120.119000	   15.386820	  120.119000
  53	  14932	                      NGC 5373	  209.030040	  209.281250	    5.254770	  209.281250
  54	  19318	                       NGC2513	  120.378210	  120.602917	    9.707640	  120.602917
  60	  15161	                     ZwCl 1665	  125.671650	  125.797917	    4.262430	  125.797917
  60	  25056	                     AT2019avd	  125.671650	  125.903198	    4.262430	  125.903198
  60	  25060	                     AT2019avd	  125.671650	  125.903198	    4.262430	  125.903198
  61	     76	                    RE 0751+14	  117.859150	  117.822083	   14.020460	  117.822083
  70	   5591	                PSR J1537+1155	  234.624880	  234.291500	   12.186610	  234.291500
  76	  18149	                    Teacup AGN	  217.635620	  217.624583	   14.024417	  217.624583
  76	  22589	      SDSS J143029.88+133912.0	  217.635620	  217.624458	   14.024417	  217.624458
  76	  22972	      SDSS J143029.88+133912.0	  217.635620	  217.624458	   14.024417	  217.624458
  76	  22973	      SDSS J143029.88+133912.0	  217.635620	  217.624458	   14.024417	  217.624458
  76	  23088	      SDSS J143029.88+133912.0	  217.635620	  217.624458	   14.024417	  217.624458
  76	  23243	      SDSS J143029.88+133912.0	  217.635620	  217.624458	   14.024417	  217.624458
  84	  11852	                   PG 1001+054	  151.224610	  151.083750	    5.062640	  151.083750
  84	  23168	                   PG 1001+054	  151.224610	  151.072586	    5.062640	  151.072586
  85	   2134	                 QSO B0802+103	  120.856370	  121.199583	   10.050530	  121.199583
  85	   5626	                        3C 191	  120.856370	  121.199583	   10.050530	  121.199583
  85	  19318	                       NGC2513	  120.856370	  120.602917	   10.050530	  120.602917
  86	   4875	                      Mrk 1210	  121.024390	  121.024167	    5.113840	  121.024167
  86	   9264	                      UGC 4203	  121.024390	  121.024167	    5.113840	  121.024167
  86	   9265	                      UGC 4203	  121.024390	  121.024167	    5.113840	  121.024167
  86	   9266	                      UGC 4203	  121.024390	  121.024167	    5.113840	  121.024167
  86	   9267	                      UGC 4203	  121.024390	  121.024167	    5.113840	  121.024167
  86	   9268	                      UGC 4203	  121.024390	  121.024167	    5.113840	  121.024167
  87	  14932	                      NGC 5373	  209.558320	  209.281250	    5.408280	  209.281250
  93	  15329	                       NGC2940	  144.532870	  144.521667	    9.523920	  144.521667
  94	   5629	       2MASS J11135466+1244390	  168.485420	  168.477917	   12.301060	  168.477917
  94	   7084	                      NGC 3593	  168.485420	  168.654167	   12.301060	  168.654167
  97	   9247	                       3CR 190	  120.156320	  120.389583	   13.697350	  120.389583
  97	  13932	      SDSS J080137.06+134022.7	  120.156320	  120.404583	   13.697350	  120.404583
  97	  13933	      SDSS J075952.64+141358.9	  120.156320	  119.969167	   13.697350	  119.969167
  97	  17107	                         3C190	  120.156320	  120.389583	   13.697350	  120.389583
 102	  19318	                       NGC2513	  120.475490	  120.602917	    9.625860	  120.602917
 119	  19318	                       NGC2513	  120.544500	  120.602917	    9.485990	  120.602917
 122	  19318	                       NGC2513	  120.562520	  120.602917	    9.394410	  120.602917
 123	   2930	                      NGC 5954	  233.634960	  233.646250	   15.193780	  233.646250
 123	   4023	                       NGC5953	  233.634960	  233.635000	   15.193780	  233.635000
 126	   9096	                     SN 2005ip	  143.025920	  143.026667	    8.441770	  143.026667
 126	  18802	                     SN 2005ip	  143.025920	  143.026667	    8.441770	  143.026667
 126	  19298	                     SN 2005ip	  143.025920	  143.026667	    8.441770	  143.026667
 131	  11363	                       NGC6017	  238.989170	  239.315000	    5.931890	  239.315000
 137	  23777	                    NSA 104881	  120.152970	  120.119000	   15.684200	  120.119000
 138	  20476	      SDSS J094004.80+052630.8	  145.224730	  145.020000	    5.165810	  145.020000
 140	   1587	                       NGC3379	  162.116290	  161.958333	   12.533190	  161.958333
 140	   4692	                      NGC 3384	  162.116290	  162.070833	   12.533190	  162.070833
 140	   7073	                       NGC3379	  162.116290	  161.957083	   12.533190	  161.957083
 140	   7074	                       NGC3379	  162.116290	  161.957083	   12.533190	  161.957083
 140	   7075	                       NGC3379	  162.116290	  161.957083	   12.533190	  161.957083
 140	   7076	                       NGC3379	  162.116290	  161.957083	   12.533190	  161.957083
 140	  11782	                       NGC3384	  162.116290	  162.070417	   12.533190	  162.070417
 140	  13829	                      NGC 3384	  162.116290	  162.070417	   12.533190	  162.070417
 140	  17075	                      Mrk 1263	  162.116290	  162.237083	   12.533190	  162.237083
 142	   9254	                       3CR 267	  177.114710	  177.485417	   12.727310	  177.485417
 142	   9406	                        HCG 59	  177.114710	  177.112500	   12.727310	  177.112500
 145	   5627	        CXOMP J084128.3+131107	  130.734940	  130.366667	   13.641590	  130.366667
 150	    391	                      NGC 3368	  161.690580	  161.690833	   11.819940	  161.690833
 150	   2260	             1AXG J104645+1140	  161.690580	  161.691250	   11.819940	  161.691250
 158	  10741	      SDSS J141028.14+135950.2	  212.672290	  212.617250	   13.558000	  212.617250
 158	  15353	      SDSS J141141.96+140233.9	  212.672290	  212.925000	   13.558000	  212.925000
 159	   5519	                  PSR B1133+16	  174.257900	  174.013125	   15.570610	  174.013125
 161	   5591	                PSR J1537+1155	  233.846720	  234.291500	   12.047600	  234.291500
 162	  15161	                     ZwCl 1665	  125.747350	  125.797917	    4.276460	  125.797917
 162	  25056	                     AT2019avd	  125.747350	  125.903198	    4.276460	  125.903198
 162	  25060	                     AT2019avd	  125.747350	  125.903198	    4.276460	  125.903198
 174	  13932	      SDSS J080137.06+134022.7	  120.026220	  120.404583	   13.152120	  120.404583
 179	   7831	                      NGC 3299	  159.292580	  159.099167	   12.652470	  159.099167
 182	  10441	              ZwCl 0823.2+0425	  126.107630	  126.490833	    4.247680	  126.490833
 182	  15161	                     ZwCl 1665	  126.107630	  125.797917	    4.247680	  125.797917
 182	  25056	                     AT2019avd	  126.107630	  125.903198	    4.247680	  125.903198
 182	  25060	                     AT2019avd	  126.107630	  125.903198	    4.247680	  125.903198
 188	  18277	                 MOOJ1142+1527	  175.415560	  175.694167	   15.965720	  175.694167
 191	   2934	                       NGC3377	  162.234820	  161.924167	   14.219830	  161.924167
 195	  13336	               SDSS J0904+1309	  135.672500	  136.097500	   13.107920	  136.097500
 196	  11768	            PSZ1 G228.50+34.95	  140.589540	  140.532083	    4.061190	  140.532083
 200	  14932	                      NGC 5373	  209.844760	  209.281250	    5.538670	  209.281250
 204	   2930	                      NGC 5954	  233.429420	  233.646250	   15.007280	  233.646250
 204	   4023	                       NGC5953	  233.429420	  233.635000	   15.007280	  233.635000
 205	   2930	                      NGC 5954	  233.645920	  233.646250	   15.200060	  233.646250
 205	   4023	                       NGC5953	  233.645920	  233.635000	   15.200060	  233.635000
 207	  20484	      SDSS J161105.64+084435.4	  242.398710	  242.773333	    8.956700	  242.773333
 211	   7875	                  PKS 1413+135	  213.670510	  213.995000	   13.378171	  213.995000
 211	  22914	                  PKS 1413+135	  213.670510	  213.995000	   13.378171	  213.995000
 211	  22915	                  PKS 1413+135	  213.670510	  213.995000	   13.378171	  213.995000
 211	  22916	                  PKS 1413+135	  213.670510	  213.995000	   13.378171	  213.995000
 211	  22917	                  PKS 1413+135	  213.670510	  213.995000	   13.378171	  213.995000
 211	  22918	                  PKS 1413+135	  213.670510	  213.995000	   13.378171	  213.995000
 220	   3211	                    ABELL 2147	  240.074260	  240.530000	   15.756570	  240.530000
 222	  18149	                    Teacup AGN	  217.460690	  217.624583	   13.799658	  217.624583
 222	  22589	      SDSS J143029.88+133912.0	  217.460690	  217.624458	   13.799658	  217.624458
 222	  22972	      SDSS J143029.88+133912.0	  217.460690	  217.624458	   13.799658	  217.624458
 222	  22973	      SDSS J143029.88+133912.0	  217.460690	  217.624458	   13.799658	  217.624458
 222	  23088	      SDSS J143029.88+133912.0	  217.460690	  217.624458	   13.799658	  217.624458
 222	  23243	      SDSS J143029.88+133912.0	  217.460690	  217.624458	   13.799658	  217.624458
 223	  14932	                      NGC 5373	  209.050000	  209.281250	    5.014470	  209.281250
 224	   5188	                       Regulus	  151.865390	  152.093750	   12.274510	  152.093750
 224	   5606	                   PG 1004+130	  151.865390	  151.858750	   12.274510	  151.858750
 231	  21522	           J160627.53+135547.7	  241.197620	  241.614583	   14.287160	  241.614583
 235	  12767	       SDSSJ110505.15+111541.0	  166.633770	  166.271667	   11.385420	  166.271667
 236	  14934	                   PGC 3091110	  139.199290	  139.332083	   11.452690	  139.332083
 245	  19318	                       NGC2513	  120.657740	  120.602917	    9.500090	  120.602917
 249	  12804	      SDSS J160918.93+082416.4	  242.336460	  242.328750	    8.763250	  242.328750
 249	  20484	      SDSS J161105.64+084435.4	  242.336460	  242.773333	    8.763250	  242.773333
 254	  15053	                       IC 2810	  171.168030	  171.447083	   14.946510	  171.447083
 257	  11702	      SDSS J094417.85+093019.4	  146.703960	  146.074583	    9.736130	  146.074583
 257	  12706	      SDSS J094533.99+100950.1	  146.703960	  146.391667	    9.736130	  146.391667
 257	  16759	                  PSR B0943+10	  146.703960	  146.532083	    9.736130	  146.532083
 257	  22529	               SDSS J0945+1009	  146.703960	  146.391583	    9.736130	  146.391583
 261	  11122	                      SN2010jl	  145.962390	  145.722208	    9.656130	  145.722208
 261	  11237	                     SN 2010jl	  145.962390	  145.722208	    9.656130	  145.722208
 261	  11702	      SDSS J094417.85+093019.4	  145.962390	  146.074583	    9.656130	  146.074583
 261	  13199	                      SN2010jl	  145.962390	  145.722208	    9.656130	  145.722208
 261	  13781	                     SN 2010jl	  145.962390	  145.722083	    9.656130	  145.722083
 261	  13782	                     SN 2010jl	  145.962390	  145.722083	    9.656130	  145.722083
 261	  15003	                         3C226	  145.962390	  146.068333	    9.656130	  146.068333
 261	  15869	                     SN 2010jl	  145.962390	  145.722083	    9.656130	  145.722083
 261	  19164	                     SN 2010jl	  145.962390	  145.722200	    9.656130	  145.722200
 261	  23775	                     NSA 51928	  145.962390	  146.080792	    9.656130	  146.080792
 262	  10399	                   CGCG049-057	  228.304560	  228.304583	    7.225510	  228.304583
 267	  24764	               RX J0859.1+0537	  134.954360	  134.788250	    5.060860	  134.788250
 269	  14387	            NSC J113249+143108	  173.145400	  173.239583	   14.189230	  173.239583
 272	  18223	                       CSWA 11	  120.005730	  120.054583	    8.006150	  120.054583
 272	  22716	                       CSWA 11	  120.005730	  120.054417	    8.006150	  120.054417
 272	  23058	                       CSWA 11	  120.005730	  120.054417	    8.006150	  120.054417
 272	  23122	                       CSWA 11	  120.005730	  120.054417	    8.006150	  120.054417
 276	   5627	        CXOMP J084128.3+131107	  130.731160	  130.366667	   13.643110	  130.366667
 277	  19318	                       NGC2513	  120.319210	  120.602917	    9.264820	  120.602917
 279	   6884	      SDSS J111316.42+091439.0	  168.165900	  168.318333	    9.055840	  168.318333
 279	  17072	                       Mrk 731	  168.165900	  168.165833	    9.055840	  168.165833
 279	  24717	           J111208.75+085030.4	  168.165900	  168.036500	    9.055840	  168.036500
 280	  16759	                  PSR B0943+10	  146.689900	  146.532083	    9.264370	  146.532083
 282	   9254	                       3CR 267	  177.083820	  177.485417	   12.716570	  177.485417
 282	   9406	                        HCG 59	  177.083820	  177.112500	   12.716570	  177.112500
 284	  21522	           J160627.53+135547.7	  241.258130	  241.614583	   13.701220	  241.614583
 287	   3026	                QSO J1603+0721	  240.548470	  240.837125	    7.086100	  240.837125
 288	  18158	                 MCG+01-38-005	  222.728980	  222.714583	    4.948916	  222.714583
 292	  11363	                       NGC6017	  239.314340	  239.315000	    5.998380	  239.315000
 294	  13354	                QSO J0958+1202	  149.931220	  149.717500	   11.660750	  149.717500
 299	  18149	                    Teacup AGN	  217.197610	  217.624583	   13.821200	  217.624583
 299	  22589	      SDSS J143029.88+133912.0	  217.197610	  217.624458	   13.821200	  217.624458
 299	  22972	      SDSS J143029.88+133912.0	  217.197610	  217.624458	   13.821200	  217.624458
 299	  22973	      SDSS J143029.88+133912.0	  217.197610	  217.624458	   13.821200	  217.624458
 299	  23088	      SDSS J143029.88+133912.0	  217.197610	  217.624458	   13.821200	  217.624458
 299	  23243	      SDSS J143029.88+133912.0	  217.197610	  217.624458	   13.821200	  217.624458
 302	   6821	               SDSS J0942+0422	  145.547830	  145.508333	    4.673140	  145.508333
 306	  11122	                      SN2010jl	  145.874190	  145.722208	    9.420770	  145.722208
 306	  11237	                     SN 2010jl	  145.874190	  145.722208	    9.420770	  145.722208
 306	  11702	      SDSS J094417.85+093019.4	  145.874190	  146.074583	    9.420770	  146.074583
 306	  13199	                      SN2010jl	  145.874190	  145.722208	    9.420770	  145.722208
 306	  13781	                     SN 2010jl	  145.874190	  145.722083	    9.420770	  145.722083
 306	  13782	                     SN 2010jl	  145.874190	  145.722083	    9.420770	  145.722083
 306	  15003	                         3C226	  145.874190	  146.068333	    9.420770	  146.068333
 306	  15869	                     SN 2010jl	  145.874190	  145.722083	    9.420770	  145.722083
 306	  19164	                     SN 2010jl	  145.874190	  145.722200	    9.420770	  145.722200
 306	  23775	                     NSA 51928	  145.874190	  146.080792	    9.420770	  146.080792
 308	  20503	            ClG J114820+102108	  176.551500	  177.091250	   10.595530	  177.091250
 310	  18931	                      beta Leo	  176.692830	  177.265000	   14.533060	  177.265000
 311	   5519	                  PSR B1133+16	  174.378050	  174.013125	   15.486344	  174.013125
 314	  11702	      SDSS J094417.85+093019.4	  146.372370	  146.074583	    9.602897	  146.074583
 314	  12706	      SDSS J094533.99+100950.1	  146.372370	  146.391667	    9.602897	  146.391667
 314	  15003	                         3C226	  146.372370	  146.068333	    9.602897	  146.068333
 314	  16759	                  PSR B0943+10	  146.372370	  146.532083	    9.602897	  146.532083
 314	  22529	               SDSS J0945+1009	  146.372370	  146.391583	    9.602897	  146.391583
 314	  23775	                     NSA 51928	  146.372370	  146.080792	    9.602897	  146.080792
 315	  19318	                       NGC2513	  120.602950	  120.602917	    9.597140	  120.602917
 322	  12982	                      NGC 5964	  234.401350	  234.401250	    5.973420	  234.401250
 325	  18223	                       CSWA 11	  120.116620	  120.054583	    7.815810	  120.054583
 325	  22716	                       CSWA 11	  120.116620	  120.054417	    7.815810	  120.054417
 325	  23058	                       CSWA 11	  120.116620	  120.054417	    7.815810	  120.054417
 325	  23122	                       CSWA 11	  120.116620	  120.054417	    7.815810	  120.054417
 326	  11122	                      SN2010jl	  146.344630	  145.722208	    9.767330	  145.722208
 326	  11702	      SDSS J094417.85+093019.4	  146.344630	  146.074583	    9.767330	  146.074583
 326	  12706	      SDSS J094533.99+100950.1	  146.344630	  146.391667	    9.767330	  146.391667
 326	  13199	                      SN2010jl	  146.344630	  145.722208	    9.767330	  145.722208
 326	  15003	                         3C226	  146.344630	  146.068333	    9.767330	  146.068333
 326	  16759	                  PSR B0943+10	  146.344630	  146.532083	    9.767330	  146.532083
 326	  22529	               SDSS J0945+1009	  146.344630	  146.391583	    9.767330	  146.391583
 326	  23775	                     NSA 51928	  146.344630	  146.080792	    9.767330	  146.080792
 327	  21526	           J101629.88+073404.9	  153.925460	  154.124583	    7.327860	  154.124583
 330	  17658	                    GRB150423A	  222.177390	  221.579167	   12.457220	  221.579167
 332	  13951	      SDSS J135646.11+102609.1	  209.144000	  209.192083	   10.191220	  209.192083
 332	  17047	      SDSS J135646.10+102609.0	  209.144000	  209.192083	   10.191220	  209.192083
 332	  18826	      SDSS J135646.10+102609.0	  209.144000	  209.192083	   10.191220	  209.192083
 335	  20485	           NVSS J162830+115403	  247.433780	  247.126667	   11.847120	  247.126667
 336	  19318	                       NGC2513	  120.545610	  120.602917	    9.361615	  120.602917
 345	   9254	                       3CR 267	  177.053330	  177.485417	   13.209376	  177.485417
 345	   9406	                        HCG 59	  177.053330	  177.112500	   13.209376	  177.112500
 347	   4693	                      NGC 3412	  162.722000	  162.720833	   13.412130	  162.720833
 349	   5519	                  PSR B1133+16	  173.784540	  174.013125	   15.958630	  174.013125
 350	    394	                      NGC 3627	  169.733170	  170.062083	   13.092220	  170.062083
 350	   1637	                      NGC 3623	  169.733170	  169.731667	   13.092220	  169.731667
 350	   2039	                      NGC 3628	  169.733170	  170.070833	   13.092220	  170.070833
 350	   2918	                      NGC 3628	  169.733170	  170.156250	   13.092220	  170.156250
 350	   2919	                      NGC 3628	  169.733170	  170.156250	   13.092220	  170.156250
 350	   9548	                      NGC 3627	  169.733170	  170.062917	   13.092220	  170.062917
 354	  21477	                      NGC 3346	  160.912130	  160.912083	   14.871860	  160.912083
 355	  23777	                    NSA 104881	  120.118980	  120.119000	   15.453100	  120.119000
 361	   1647	               RX J0821.0+0752	  125.683792	  125.260000	    8.218939	  125.260000
 361	  17194	                RXJ0821.0+0752	  125.683792	  125.259167	    8.218939	  125.259167
 361	  17563	                RXJ0821.0+0752	  125.683792	  125.259167	    8.218939	  125.259167
 364	   9154	      SDSS J102258.41+123429.7	  155.952170	  155.743333	   12.629830	  155.743333
 364	  13375	                ZwCl 1023+1257	  155.952170	  156.490700	   12.629830	  156.490700
 367	  14947	      SDSS J094808.39+161414.1	  146.629260	  147.035000	   15.886320	  147.035000
 368	   2136	                 QSO B1040+123	  160.990420	  160.685833	   11.703810	  160.685833
 368	   2260	             1AXG J104645+1140	  160.990420	  161.691250	   11.703810	  161.691250
 368	   5929	                      NGC 3351	  160.990420	  160.991667	   11.703810	  160.991667
 368	   5930	                      NGC 3351	  160.990420	  160.991667	   11.703810	  160.991667
 368	   5931	                      NGC 3351	  160.990420	  160.991667	   11.703810	  160.991667
 368	  13765	                     SN 2012aw	  160.990420	  160.974000	   11.703810	  160.974000
 368	  21001	                      SN2012aw	  160.990420	  160.975000	   11.703810	  160.975000
 371	  24715	           J103312.84+110555.3	  158.678340	  158.303500	   11.197350	  158.303500
 378	  16066	                       3C293.1	  208.904150	  208.670833	   15.970670	  208.670833
 379	   5591	                PSR J1537+1155	  234.715420	  234.291500	   12.080650	  234.291500
 381	  16346	                       NGC3423	  162.809710	  162.809583	    5.840030	  162.809583
 383	  18931	                      beta Leo	  177.183330	  177.265000	   14.052910	  177.265000
 384	   5519	                  PSR B1133+16	  173.901640	  174.013125	   15.975044	  174.013125
 385	   9254	                       3CR 267	  177.135200	  177.485417	   12.705293	  177.485417
 385	   9406	                        HCG 59	  177.135200	  177.112500	   12.705293	  177.112500
 386	   2934	                       NGC3377	  161.926670	  161.924167	   13.985640	  161.924167
 386	  12808	                      NGC 3367	  161.926670	  161.645833	   13.985640	  161.645833
 387	    392	                      NGC 3489	  165.077370	  165.075417	   13.901220	  165.075417
 390	  21353	                     SN 2000ew	  175.244820	  175.243750	   11.471141	  175.243750
 391	  12168	      SDSS J142048.01+120545.9	  215.327820	  215.200000	   12.505960	  215.200000
 406	    395	                      NGC 3628	  170.070890	  170.067500	   13.589687	  170.067500
 406	   1637	                      NGC 3623	  170.070890	  169.731667	   13.589687	  169.731667
 406	   2039	                      NGC 3628	  170.070890	  170.070833	   13.589687	  170.070833
 406	   2918	                      NGC 3628	  170.070890	  170.156250	   13.589687	  170.156250
 406	   2919	                      NGC 3628	  170.070890	  170.156250	   13.589687	  170.156250
 406	   9548	                      NGC 3627	  170.070890	  170.062917	   13.589687	  170.062917
 407	   5606	                   PG 1004+130	  151.463300	  151.858750	   12.961300	  151.858750
 407	  13972	       2MASX J10055117+1257403	  151.463300	  151.463333	   12.961300	  151.463333
 407	  16034	                   PG 1004+130	  151.463300	  151.858750	   12.961300	  151.858750
 414	   1587	                       NGC3379	  162.070360	  161.958333	   12.629270	  161.958333
 414	   4692	                      NGC 3384	  162.070360	  162.070833	   12.629270	  162.070833
 414	   7073	                       NGC3379	  162.070360	  161.957083	   12.629270	  161.957083
 414	   7074	                       NGC3379	  162.070360	  161.957083	   12.629270	  161.957083
 414	   7075	                       NGC3379	  162.070360	  161.957083	   12.629270	  161.957083
 414	   7076	                       NGC3379	  162.070360	  161.957083	   12.629270	  161.957083
 414	  11782	                       NGC3384	  162.070360	  162.070417	   12.629270	  162.070417
 414	  13829	                      NGC 3384	  162.070360	  162.070417	   12.629270	  162.070417
 414	  17075	                      Mrk 1263	  162.070360	  162.237083	   12.629270	  162.237083
 416	  20485	           NVSS J162830+115403	  246.722850	  247.126667	   11.652030	  247.126667
 420	   6815	                QSO J0844+0503	  130.862500	  131.007917	    4.433190	  131.007917
 421	   4107	                   F10190+1322	  155.409370	  155.428333	   12.576123	  155.428333
 421	   9154	      SDSS J102258.41+123429.7	  155.409370	  155.743333	   12.576123	  155.743333
 422	   2134	                 QSO B0802+103	  120.959080	  121.199583	   10.548500	  121.199583
 422	   5626	                        3C 191	  120.959080	  121.199583	   10.548500	  121.199583
 422	  22089	                       UGC4211	  120.959080	  121.193275	   10.548500	  121.193275
 424	  22973	      SDSS J143029.88+133912.0	  217.076770	  217.624458	   13.780230	  217.624458
 424	  23243	      SDSS J143029.88+133912.0	  217.076770	  217.624458	   13.780230	  217.624458
 432	   6882	      SDSS J100711.81+053208.9	  151.198610	  151.799167	    5.368597	  151.799167
 432	  11852	                   PG 1001+054	  151.198610	  151.083750	    5.368597	  151.083750
 432	  17840	      SDSS J100548.09+054204.4	  151.198610	  151.450417	    5.368597	  151.450417
 432	  23168	                   PG 1001+054	  151.198610	  151.072586	    5.368597	  151.072586
 435	    394	                      NGC 3627	  170.574650	  170.062083	   12.722530	  170.062083
 442	   2130	                        3C 207	  130.816670	  130.200000	   13.085860	  130.200000
 442	   5627	        CXOMP J084128.3+131107	  130.816670	  130.366667	   13.085860	  130.366667
 442	  15337	                QSO J0844+1245	  130.816670	  131.100833	   13.085860	  131.100833
 443	  18149	                    Teacup AGN	  217.294800	  217.624583	   13.980956	  217.624583
 443	  22973	      SDSS J143029.88+133912.0	  217.294800	  217.624458	   13.980956	  217.624458
 443	  23243	      SDSS J143029.88+133912.0	  217.294800	  217.624458	   13.980956	  217.624458
 449	   7831	                      NGC 3299	  159.347330	  159.099167	   12.156560	  159.099167
 450	  19318	                       NGC2513	  120.865180	  120.602917	    9.709965	  120.602917
 455	  23777	                    NSA 104881	  120.248370	  120.119000	   15.624780	  120.119000
 458	  20427	      SDSS J150151.69+094333.3	  225.057070	  225.465417	    9.937760	  225.465417
 463	  13310	               SDSS J1608+0715	  242.071960	  242.182917	    7.538500	  242.182917
 464	  23777	                    NSA 104881	  120.418030	  120.119000	   15.644755	  120.119000
 465	  18223	                       CSWA 11	  120.180300	  120.054583	    8.638814	  120.054583
 465	  23058	                       CSWA 11	  120.180300	  120.054417	    8.638814	  120.054417
 465	  23122	                       CSWA 11	  120.180300	  120.054417	    8.638814	  120.054417
 466	  10295	      SDSS J102530.29+140207.3	  156.471190	  156.376250	   14.363159	  156.376250
 468	  15161	                     ZwCl 1665	  125.508210	  125.797917	    4.392730	  125.797917
 468	  25056	                     AT2019avd	  125.508210	  125.903198	    4.392730	  125.903198
 468	  25060	                     AT2019avd	  125.508210	  125.903198	    4.392730	  125.903198
 471	  13932	      SDSS J080137.06+134022.7	  120.158580	  120.404583	   13.656393	  120.404583
 471	  13933	      SDSS J075952.64+141358.9	  120.158580	  119.969167	   13.656393	  119.969167
 474	  19318	                       NGC2513	  120.626600	  120.602917	    9.075999	  120.602917
 479	  21522	           J160627.53+135547.7	  241.405080	  241.614583	   14.411480	  241.614583
 481	   9254	                       3CR 267	  177.378000	  177.485417	   12.677094	  177.485417
 481	   9406	                        HCG 59	  177.378000	  177.112500	   12.677094	  177.112500
 489	  18223	                       CSWA 11	  120.399414	  120.054583	    8.100156	  120.054583
 489	  22716	                       CSWA 11	  120.399414	  120.054417	    8.100156	  120.054417
 489	  23058	                       CSWA 11	  120.399414	  120.054417	    8.100156	  120.054417
 489	  23122	                       CSWA 11	  120.399414	  120.054417	    8.100156	  120.054417
 491	   9254	                       3CR 267	  177.127770	  177.485417	   12.729800	  177.485417
 491	   9406	                        HCG 59	  177.127770	  177.112500	   12.729800	  177.112500
 500	   2095	                        3C 228	  147.269540	  147.544583	   13.880750	  147.544583
 500	   2453	                        3C 228	  147.269540	  147.544583	   13.880750	  147.544583
 505	  20565	                SDSSJ0957+0509	  149.674040	  149.412500	    5.264360	  149.412500
 510	  15676	        Comet C/2012 S1 (ISON)	  167.867780	  167.300000	    6.907500	  167.300000
 510	  16495	        Comet C/2012 S1 (ISON)	  167.867780	  167.250000	    6.907500	  167.250000
 512	  11712	             MACS J0940.9+0744	  145.128360	  145.223750	    7.489430	  145.223750
 516	  14387	            NSC J113249+143108	  173.138330	  173.239583	   14.200830	  173.239583
 519	   2930	                      NGC 5954	  233.920130	  233.646250	   15.549004	  233.646250
 519	   4023	                       NGC5953	  233.920130	  233.635000	   15.549004	  233.635000
 525	  15161	                     ZwCl 1665	  125.556550	  125.797917	    4.197700	  125.797917
 525	  25056	                     AT2019avd	  125.556550	  125.903198	    4.197700	  125.903198
 525	  25060	                     AT2019avd	  125.556550	  125.903198	    4.197700	  125.903198
 531	   5519	                  PSR B1133+16	  174.236940	  174.013125	   15.528970	  174.013125
 546	  18191	      SDSS J101022.95+141300.9	  152.847660	  152.595833	   13.778250	  152.595833
 547	  17101	      SDSS J140447.81+053708.2	  211.632960	  211.199167	    6.029690	  211.199167
 550	  17037	      SDSS J152637.36+065941.6	  231.894920	  231.655833	    6.900513	  231.655833
 563	  22088	       SDSSJ081331.13+040949.4	  123.059330	  123.379738	    4.073500	  123.379738
 568	   5627	        CXOMP J084128.3+131107	  130.896360	  130.366667	   13.062973	  130.366667
 568	  15337	                QSO J0844+1245	  130.896360	  131.100833	   13.062973	  131.100833
 570	  22507	            J142615.1+100213.5	  216.589240	  216.562800	   10.163340	  216.562800
 571	   7875	                  PKS 1413+135	  214.053151	  213.995000	   13.454945	  213.995000
 571	  22914	                  PKS 1413+135	  214.053151	  213.995000	   13.454945	  213.995000
 571	  22915	                  PKS 1413+135	  214.053151	  213.995000	   13.454945	  213.995000
 571	  22916	                  PKS 1413+135	  214.053151	  213.995000	   13.454945	  213.995000
 571	  22917	                  PKS 1413+135	  214.053151	  213.995000	   13.454945	  213.995000
 571	  22918	                  PKS 1413+135	  214.053151	  213.995000	   13.454945	  213.995000
 574	  19318	                       NGC2513	  120.393700	  120.602917	    9.304851	  120.602917
 578	   7126	                      NGC 3495	  165.154670	  165.317500	    4.065310	  165.317500
 580	  17538	      SDSS J152304.97+114553.6	  231.053530	  230.770833	   11.693884	  230.770833
 588	    394	                      NGC 3627	  170.577330	  170.062083	   13.065050	  170.062083
 588	   9548	                      NGC 3627	  170.577330	  170.062917	   13.065050	  170.062917
 590	  23698	                   MCG2-30-017	  175.505233	  175.570292	   13.698738	  175.570292
 591	   9474	                    GRB 080207	  208.014050	  207.512500	    7.620870	  207.512500
 592	   5032	               Daddi field - 1	  222.909490	  222.287917	    9.061211	  222.287917
 592	   5033	               Daddi field - 2	  222.909490	  222.441250	    9.061211	  222.441250
 592	   5034	               Daddi field - 3	  222.909490	  222.358750	    9.061211	  222.358750
 592	  16159	                 CL J1449+0856	  222.909490	  222.309167	    9.061211	  222.309167
 593	  13932	      SDSS J080137.06+134022.7	  120.228580	  120.404583	   13.396780	  120.404583
 596	  14952	      SDSS J113342.67+114206.2	  173.381120	  173.427917	   12.137320	  173.427917
 600	  22498	            J141646.5+144235.1	  213.842580	  214.193630	   14.250360	  214.193630
 606	   5606	                   PG 1004+130	  151.795750	  151.858750	   12.651360	  151.858750
 606	  16034	                   PG 1004+130	  151.795750	  151.858750	   12.651360	  151.858750
 613	  15673	        Comet C/2012 S1 (ISON)	  166.807020	  167.128020	    6.411680	  167.128020
 613	  15676	        Comet C/2012 S1 (ISON)	  166.807020	  167.300000	    6.411680	  167.300000
 613	  16495	        Comet C/2012 S1 (ISON)	  166.807020	  167.250000	    6.411680	  167.250000
 617	  23138	       SDSSJ083343.47+074654.4	  128.964504	  128.431152	    7.462774	  128.431152
 618	  13932	      SDSS J080137.06+134022.7	  120.056000	  120.404583	   13.155076	  120.404583
 619	   3066	                  HS 0848+1119	  132.484430	  132.690417	   10.719072	  132.690417
 619	  14969	      SDSS J084905.39+111445.8	  132.484430	  132.272500	   10.719072	  132.272500
 621	  13951	      SDSS J135646.11+102609.1	  209.097570	  209.192083	   10.103817	  209.192083
 621	  17047	      SDSS J135646.10+102609.0	  209.097570	  209.192083	   10.103817	  209.192083
 621	  18826	      SDSS J135646.10+102609.0	  209.097570	  209.192083	   10.103817	  209.192083
 622	    434	                        3C 212	  134.642400	  134.671667	   13.928279	  134.671667
 629	  10750	  [KMA2007] 134.16968+05.89649	  134.624350	  134.169583	    6.321260	  134.169583
 629	  24764	               RX J0859.1+0537	  134.624350	  134.788250	    6.321260	  134.788250
 642	  19539	       SDSSJ083510.36+035901.1	  128.654970	  128.793333	    4.471180	  128.793333
 644	  11122	                      SN2010jl	  146.080780	  145.722208	    9.984620	  145.722208
 644	  11237	                     SN 2010jl	  146.080780	  145.722208	    9.984620	  145.722208
 644	  11702	      SDSS J094417.85+093019.4	  146.080780	  146.074583	    9.984620	  146.074583
 644	  12706	      SDSS J094533.99+100950.1	  146.080780	  146.391667	    9.984620	  146.391667
 644	  13199	                      SN2010jl	  146.080780	  145.722208	    9.984620	  145.722208
 644	  13781	                     SN 2010jl	  146.080780	  145.722083	    9.984620	  145.722083
 644	  13782	                     SN 2010jl	  146.080780	  145.722083	    9.984620	  145.722083
 644	  15003	                         3C226	  146.080780	  146.068333	    9.984620	  146.068333
 644	  15869	                     SN 2010jl	  146.080780	  145.722083	    9.984620	  145.722083
 644	  19164	                     SN 2010jl	  146.080780	  145.722200	    9.984620	  145.722200
 644	  22529	               SDSS J0945+1009	  146.080780	  146.391583	    9.984620	  146.391583
 644	  23775	                     NSA 51928	  146.080780	  146.080792	    9.984620	  146.080792
 647	  15161	                     ZwCl 1665	  125.608030	  125.797917	    4.163250	  125.797917
 647	  25056	                     AT2019avd	  125.608030	  125.903198	    4.163250	  125.903198
 647	  25060	                     AT2019avd	  125.608030	  125.903198	    4.163250	  125.903198
 653	  17071	                       NGC3773	  174.554040	  174.554167	   12.111920	  174.554167
 655	  11122	                      SN2010jl	  145.678710	  145.722208	    9.456140	  145.722208
 655	  11237	                     SN 2010jl	  145.678710	  145.722208	    9.456140	  145.722208
 655	  11702	      SDSS J094417.85+093019.4	  145.678710	  146.074583	    9.456140	  146.074583
 655	  13199	                      SN2010jl	  145.678710	  145.722208	    9.456140	  145.722208
 655	  13781	                     SN 2010jl	  145.678710	  145.722083	    9.456140	  145.722083
 655	  13782	                     SN 2010jl	  145.678710	  145.722083	    9.456140	  145.722083
 655	  15003	                         3C226	  145.678710	  146.068333	    9.456140	  146.068333
 655	  15869	                     SN 2010jl	  145.678710	  145.722083	    9.456140	  145.722083
 655	  19164	                     SN 2010jl	  145.678710	  145.722200	    9.456140	  145.722200
 658	  20408	                    J1405+0415	  211.066010	  211.254583	    4.112190	  211.254583
 658	  23649	                 QSO B1402+044	  211.066010	  211.254583	    4.112190	  211.254583
 658	  24316	                 QSO B1402+044	  211.066010	  211.254583	    4.112190	  211.254583
 658	  24317	                 QSO B1402+044	  211.066010	  211.254583	    4.112190	  211.254583
 658	  25011	                 QSO B1402+044	  211.066010	  211.254583	    4.112190	  211.254583
 658	  25014	                 QSO B1402+044	  211.066010	  211.254583	    4.112190	  211.254583
 659	   9205	                 [BTW2010] SS2	  143.781150	  143.731667	    5.120070	  143.731667
 663	  11122	                      SN2010jl	  145.733770	  145.722208	    9.475140	  145.722208
 663	  11237	                     SN 2010jl	  145.733770	  145.722208	    9.475140	  145.722208
 663	  11702	      SDSS J094417.85+093019.4	  145.733770	  146.074583	    9.475140	  146.074583
 663	  13199	                      SN2010jl	  145.733770	  145.722208	    9.475140	  145.722208
 663	  13781	                     SN 2010jl	  145.733770	  145.722083	    9.475140	  145.722083
 663	  13782	                     SN 2010jl	  145.733770	  145.722083	    9.475140	  145.722083
 663	  15003	                         3C226	  145.733770	  146.068333	    9.475140	  146.068333
 663	  15869	                     SN 2010jl	  145.733770	  145.722083	    9.475140	  145.722083
 663	  19164	                     SN 2010jl	  145.733770	  145.722200	    9.475140	  145.722200
 663	  23775	                     NSA 51928	  145.733770	  146.080792	    9.475140	  146.080792
 665	  12808	                      NGC 3367	  161.339390	  161.645833	   13.714204	  161.645833
 672	  12915	                  1ES 1553+113	  239.853350	  238.929167	   10.461566	  238.929167
 672	  12917	                  1ES 1553+113	  239.853350	  238.929167	   10.461566	  238.929167
 682	   5606	                   PG 1004+130	  151.988000	  151.858750	   13.227420	  151.858750
 682	  16034	                   PG 1004+130	  151.988000	  151.858750	   13.227420	  151.858750
 685	  21522	           J160627.53+135547.7	  241.520180	  241.614583	   14.417885	  241.614583
 689	  13314	                QSO J1538+0855	  234.726200	  234.627083	    8.593711	  234.627083
 690	  15053	                       IC 2810	  171.213200	  171.447083	   14.795790	  171.447083
 694	  13321	      SDSS J111119.10+133603.9	  167.623410	  167.829583	   13.766150	  167.829583
 694	  17082	      SDSS J111119.10+133603.8	  167.623410	  167.829583	   13.766150	  167.829583
 695	   9154	      SDSS J102258.41+123429.7	  155.333400	  155.743333	   12.175700	  155.743333
 698	  19318	                       NGC2513	  120.442390	  120.602917	    9.953597	  120.602917
 702	   3968	                         3C296	  213.959840	  214.220417	   10.961308	  214.220417
 702	   5645	                    H 1413+117	  213.959840	  213.937500	   10.961308	  213.937500
 702	  14960	                    H 1413+117	  213.959840	  213.943333	   10.961308	  213.943333
 703	  19318	                       NGC2513	  120.527290	  120.602917	    9.377318	  120.602917
 705	  11122	                      SN2010jl	  146.012120	  145.722208	    9.374210	  145.722208
 705	  11237	                     SN 2010jl	  146.012120	  145.722208	    9.374210	  145.722208
 705	  11702	      SDSS J094417.85+093019.4	  146.012120	  146.074583	    9.374210	  146.074583
 705	  13199	                      SN2010jl	  146.012120	  145.722208	    9.374210	  145.722208
 705	  13781	                     SN 2010jl	  146.012120	  145.722083	    9.374210	  145.722083
 705	  13782	                     SN 2010jl	  146.012120	  145.722083	    9.374210	  145.722083
 705	  15003	                         3C226	  146.012120	  146.068333	    9.374210	  146.068333
 705	  15869	                     SN 2010jl	  146.012120	  145.722083	    9.374210	  145.722083
 705	  19164	                     SN 2010jl	  146.012120	  145.722200	    9.374210	  145.722200
 705	  23775	                     NSA 51928	  146.012120	  146.080792	    9.374210	  146.080792
 707	  13325	               SDSS J0947+1421	  146.670500	  146.892500	   14.197766	  146.892500
 708	   9247	                       3CR 190	  120.696430	  120.389583	   13.758650	  120.389583
 708	  13932	      SDSS J080137.06+134022.7	  120.696430	  120.404583	   13.758650	  120.404583
 708	  17107	                         3C190	  120.696430	  120.389583	   13.758650	  120.389583
 709	  18223	                       CSWA 11	  120.416790	  120.054583	    8.589649	  120.054583
 709	  23122	                       CSWA 11	  120.416790	  120.054417	    8.589649	  120.054417
 714	  19439	      SDSS J154543.55+085801.3	  236.612950	  236.431667	    8.656910	  236.431667
 721	   3563	        FIRST J091824.3+063653	  140.007260	  139.601667	    7.056240	  139.601667
 725	   3211	                    ABELL 2147	  240.065100	  240.530000	   15.769222	  240.530000
 731	   5519	                  PSR B1133+16	  173.660880	  174.013125	   15.621640	  174.013125
 733	  14530	                     LP 497-33	  198.432300	  198.585000	   12.771330	  198.585000
 735	   7875	                  PKS 1413+135	  214.284650	  213.995000	   13.687100	  213.995000
 735	  22914	                  PKS 1413+135	  214.284650	  213.995000	   13.687100	  213.995000
 735	  22915	                  PKS 1413+135	  214.284650	  213.995000	   13.687100	  213.995000
 735	  22916	                  PKS 1413+135	  214.284650	  213.995000	   13.687100	  213.995000
 735	  22917	                  PKS 1413+135	  214.284650	  213.995000	   13.687100	  213.995000
 735	  22918	                  PKS 1413+135	  214.284650	  213.995000	   13.687100	  213.995000
 741	  13336	               SDSS J0904+1309	  135.595440	  136.097500	   12.998105	  136.097500
 742	  14932	                      NGC 5373	  208.911460	  209.281250	    4.985060	  209.281250
 743	   3216	                      NGC 5171	  201.889870	  202.354167	   11.730170	  202.354167
 743	   3565	        FIRST J132512.4+112330	  201.889870	  201.302083	   11.730170	  201.302083
 745	  18230	                  [SMS2007] 14	  176.373380	  176.698333	   10.201640	  176.698333
 747	   5704	      SDSS J143752.76+042854.5	  219.787870	  219.470000	    4.551810	  219.470000
 749	  18223	                       CSWA 11	  120.619950	  120.054583	    8.220708	  120.054583
 749	  23122	                       CSWA 11	  120.619950	  120.054417	    8.220708	  120.054417
 753	  13932	      SDSS J080137.06+134022.7	  120.075910	  120.404583	   13.548415	  120.404583
 754	   1593	                         3C281	  197.346580	  196.975000	    6.996330	  196.975000
 759	  15353	      SDSS J141141.96+140233.9	  213.330550	  212.925000	   14.011760	  212.925000
 760	  17072	                       Mrk 731	  168.064320	  168.165833	    8.628677	  168.165833
 760	  24717	           J111208.75+085030.4	  168.064320	  168.036500	    8.628677	  168.036500
 769	  15353	      SDSS J141141.96+140233.9	  213.321040	  212.925000	   14.027100	  212.925000
 770	  15386	                       ngc5248	  203.939700	  204.383333	    8.969070	  204.383333
 777	  13935	      SDSS J114702.51+162534.5	  176.733070	  176.760417	   15.940080	  176.760417
 782	  18198	      SDSS J114753.62+094552.0	  176.996000	  176.973333	   10.140500	  176.973333
 782	  18230	                  [SMS2007] 14	  176.996000	  176.698333	   10.140500	  176.698333
 782	  20503	            ClG J114820+102108	  176.996000	  177.091250	   10.140500	  177.091250
 784	   7831	                      NGC 3299	  159.391775	  159.099167	   12.464972	  159.099167
 796	   5626	                        3C 191	  121.636630	  121.199583	   10.130069	  121.199583
 799	  22569	               TGSS J1530+1049	  233.282790	  232.707917	   10.918110	  232.707917
 801	  19318	                       NGC2513	  120.624100	  120.602917	    9.462021	  120.602917
 806	  11122	                      SN2010jl	  145.757788	  145.722208	    9.252591	  145.722208
 806	  11237	                     SN 2010jl	  145.757788	  145.722208	    9.252591	  145.722208
 806	  11702	      SDSS J094417.85+093019.4	  145.757788	  146.074583	    9.252591	  146.074583
 806	  13199	                      SN2010jl	  145.757788	  145.722208	    9.252591	  145.722208
 806	  13781	                     SN 2010jl	  145.757788	  145.722083	    9.252591	  145.722083
 806	  13782	                     SN 2010jl	  145.757788	  145.722083	    9.252591	  145.722083
 806	  15003	                         3C226	  145.757788	  146.068333	    9.252591	  146.068333
 806	  15869	                     SN 2010jl	  145.757788	  145.722083	    9.252591	  145.722083
 806	  19164	                     SN 2010jl	  145.757788	  145.722200	    9.252591	  145.722200
 812	  22589	      SDSS J143029.88+133912.0	  217.045230	  217.624458	   13.551591	  217.624458
 812	  22972	      SDSS J143029.88+133912.0	  217.045230	  217.624458	   13.551591	  217.624458
 812	  22973	      SDSS J143029.88+133912.0	  217.045230	  217.624458	   13.551591	  217.624458
 812	  23088	      SDSS J143029.88+133912.0	  217.045230	  217.624458	   13.551591	  217.624458
 812	  23243	      SDSS J143029.88+133912.0	  217.045230	  217.624458	   13.551591	  217.624458
 814	   2130	                        3C 207	  130.190380	  130.200000	   13.706766	  130.200000
 819	  15708	                       Wasp-38	  243.714550	  243.960000	    9.673321	  243.960000
 822	  19318	                       NGC2513	  120.550570	  120.602917	    8.938131	  120.602917
 826	  10399	                   CGCG049-057	  228.424250	  228.304583	    6.934254	  228.304583
 829	  15353	      SDSS J141141.96+140233.9	  213.300210	  212.925000	   13.975890	  212.925000
 831	   9096	                     SN 2005ip	  142.561650	  143.026667	    8.283070	  143.026667
 831	  18802	                     SN 2005ip	  142.561650	  143.026667	    8.283070	  143.026667
 831	  19298	                     SN 2005ip	  142.561650	  143.026667	    8.283070	  143.026667
 836	  13314	                QSO J1538+0855	  234.952080	  234.627083	    8.446110	  234.627083
 837	  12808	                      NGC 3367	  161.360250	  161.645833	   13.444810	  161.645833
 843	  18149	                    Teacup AGN	  217.682080	  217.624583	   13.952403	  217.624583
 843	  22589	      SDSS J143029.88+133912.0	  217.682080	  217.624458	   13.952403	  217.624458
 843	  22972	      SDSS J143029.88+133912.0	  217.682080	  217.624458	   13.952403	  217.624458
 843	  22973	      SDSS J143029.88+133912.0	  217.682080	  217.624458	   13.952403	  217.624458
 843	  23088	      SDSS J143029.88+133912.0	  217.682080	  217.624458	   13.952403	  217.624458
 843	  23243	      SDSS J143029.88+133912.0	  217.682080	  217.624458	   13.952403	  217.624458
 845	  22307	                     HD 141004	  236.540520	  236.610875	    6.898470	  236.610875
 846	   5519	                  PSR B1133+16	  174.053830	  174.013125	   15.733140	  174.013125
 847	   4875	                      Mrk 1210	  121.154654	  121.024167	    5.358858	  121.024167
 847	   9264	                      UGC 4203	  121.154654	  121.024167	    5.358858	  121.024167
 847	   9265	                      UGC 4203	  121.154654	  121.024167	    5.358858	  121.024167
 847	   9266	                      UGC 4203	  121.154654	  121.024167	    5.358858	  121.024167
 847	   9267	                      UGC 4203	  121.154654	  121.024167	    5.358858	  121.024167
 847	   9268	                      UGC 4203	  121.154654	  121.024167	    5.358858	  121.024167
 849	  13336	               SDSS J0904+1309	  135.657120	  136.097500	   13.073259	  136.097500
 850	  15053	                       IC 2810	  171.103210	  171.447083	   14.203080	  171.447083
 854	  18230	                  [SMS2007] 14	  176.357610	  176.698333	    9.514880	  176.698333
 855	  14932	                      NGC 5373	  209.231580	  209.281250	    5.151880	  209.281250
 858	   2934	                       NGC3377	  161.864320	  161.924167	   13.889750	  161.924167
 858	  12808	                      NGC 3367	  161.864320	  161.645833	   13.889750	  161.645833
 859	   4107	                   F10190+1322	  155.861380	  155.428333	   12.815530	  155.428333
 859	   9154	      SDSS J102258.41+123429.7	  155.861380	  155.743333	   12.815530	  155.743333
 868	  23777	                    NSA 104881	  120.361560	  120.119000	   15.749900	  120.119000
 871	  15161	                     ZwCl 1665	  125.901200	  125.797917	    4.247260	  125.797917
 871	  25056	                     AT2019avd	  125.901200	  125.903198	    4.247260	  125.903198
 871	  25060	                     AT2019avd	  125.901200	  125.903198	    4.247260	  125.903198
 872	   1630	                    PG1115+080	  170.030440	  169.570417	    7.335730	  169.570417
 872	   7757	                    PG1115+080	  170.030440	  169.570833	    7.335730	  169.570833
 872	  10795	                   PG 1115+080	  170.030440	  169.570417	    7.335730	  169.570417
 872	  11857	                   PG 1115+080	  170.030440	  169.570417	    7.335730	  169.570417
 872	  12093	                   PG 1115+080	  170.030440	  169.570417	    7.335730	  169.570417
 872	  12094	                   PG 1115+080	  170.030440	  169.570417	    7.335730	  169.570417
 872	  13203	               ULAS J1120+0641	  170.030440	  170.006250	    7.335730	  170.006250
 877	  15708	                       Wasp-38	  243.545100	  243.960000	    9.903453	  243.960000
 881	  16759	                  PSR B0943+10	  147.003300	  146.532083	    9.970960	  146.532083
 886	  23058	                       CSWA 11	  119.836856	  120.054417	    7.733471	  120.054417
 888	   9247	                       3CR 190	  120.727830	  120.389583	   14.425280	  120.389583
 888	  17107	                         3C190	  120.727830	  120.389583	   14.425280	  120.389583
 889	   5606	                   PG 1004+130	  151.888300	  151.858750	   13.106560	  151.858750
 889	  16034	                   PG 1004+130	  151.888300	  151.858750	   13.106560	  151.858750
 894	  13368	      SDSS J114358.52+052444.9	  176.017270	  175.993750	    5.234110	  175.993750
 902	  18223	                       CSWA 11	  120.485870	  120.054583	    8.125941	  120.054583
 902	  22716	                       CSWA 11	  120.485870	  120.054417	    8.125941	  120.054417
 902	  23058	                       CSWA 11	  120.485870	  120.054417	    8.125941	  120.054417
 902	  23122	                       CSWA 11	  120.485870	  120.054417	    8.125941	  120.054417
 906	  22356	                     HD 114174	  197.276960	  197.212583	    5.243110	  197.212583
 908	  15329	                       NGC2940	  144.374920	  144.521667	    9.552170	  144.521667
 910	  20764	                    J1542+1020	  235.239830	  235.682917	   10.446755	  235.682917
 912	  12165	                       Mkn 841	  226.055710	  226.005000	   10.912110	  226.005000
 912	  12166	                       Mkn 841	  226.055710	  226.005000	   10.912110	  226.005000
 912	  13258	                       Mkn 841	  226.055710	  226.005000	   10.912110	  226.005000
 912	  15028	      SDSS J150243.09+111557.3	  226.055710	  225.679583	   10.912110	  225.679583
 913	   6842	                         3C227	  146.910960	  146.907917	    7.018030	  146.907917
 913	   7265	                         3C227	  146.910960	  146.907917	    7.018030	  146.907917
 919	   4806	           IRAS FSC 09539+0857	  148.873750	  149.142917	    8.390632	  149.142917
 925	   2934	                       NGC3377	  161.761510	  161.924167	   13.567080	  161.924167
 925	  12808	                      NGC 3367	  161.761510	  161.645833	   13.567080	  161.645833
 931	  10750	  [KMA2007] 134.16968+05.89649	  134.604240	  134.169583	    6.335040	  134.169583
 931	  24764	               RX J0859.1+0537	  134.604240	  134.788250	    6.335040	  134.788250
 932	  20500	            ClG J114043+102443	  175.565170	  175.147083	   10.222920	  175.147083
 932	  20972	            ClG J114043+102443	  175.565170	  175.147083	   10.222920	  175.147083
 943	    593	            Asteroid 1998 WT24	  121.643270	  121.209550	   12.666973	  121.209550
 943	   3405	            Asteroid 1998 WT24	  121.643270	  121.087650	   12.666973	  121.087650
 945	   2402	                      KIG 0284	  131.551910	  131.419000	    7.267060	  131.419000
 949	  20764	                    J1542+1020	  235.322070	  235.682917	   10.422056	  235.682917
 952	  13336	               SDSS J0904+1309	  135.943760	  136.097500	   12.734658	  136.097500
 956	  18223	                       CSWA 11	  120.195910	  120.054583	    8.638900	  120.054583
 956	  23058	                       CSWA 11	  120.195910	  120.054417	    8.638900	  120.054417
 956	  23122	                       CSWA 11	  120.195910	  120.054417	    8.638900	  120.054417
 957	  19318	                       NGC2513	  120.640330	  120.602917	    9.389835	  120.602917
 966	  16759	                  PSR B0943+10	  146.977040	  146.532083	    9.512720	  146.532083
 967	   5591	                PSR J1537+1155	  234.738860	  234.291500	   12.549170	  234.291500
 970	   5629	       2MASS J11135466+1244390	  168.654150	  168.477917	   12.817670	  168.477917
 970	   7084	                      NGC 3593	  168.654150	  168.654167	   12.817670	  168.654167
 974	   6882	      SDSS J100711.81+053208.9	  151.245290	  151.799167	    5.364670	  151.799167
 974	  11852	                   PG 1001+054	  151.245290	  151.083750	    5.364670	  151.083750
 974	  17840	      SDSS J100548.09+054204.4	  151.245290	  151.450417	    5.364670	  151.450417
 974	  23168	                   PG 1001+054	  151.245290	  151.072586	    5.364670	  151.072586
 975	   9254	                       3CR 267	  177.300960	  177.485417	   12.631580	  177.485417
 975	   9406	                        HCG 59	  177.300960	  177.112500	   12.631580	  177.112500
 976	   9406	                        HCG 59	  176.537330	  177.112500	   12.879610	  177.112500
 986	  19318	                       NGC2513	  120.913550	  120.602917	    8.910003	  120.602917
 998	  14387	            NSC J113249+143108	  172.756450	  173.239583	   14.566990	  173.239583
 999	   9254	                       3CR 267	  177.074550	  177.485417	   12.725880	  177.485417
 999	   9406	                        HCG 59	  177.074550	  177.112500	   12.725880	  177.112500
1004	  19318	                       NGC2513	  120.491970	  120.602917	    9.390061	  120.602917
1006	   6882	      SDSS J100711.81+053208.9	  151.463670	  151.799167	    5.006220	  151.799167
1013	  19558	       SDSSJ155837.77+081345.8	  239.979230	  239.657500	    7.987860	  239.657500
1017	    832	                   PG 1254+047	  193.953960	  194.250417	    4.304110	  194.250417
1018	  17158	         RM J104729.0+151402.1	  162.035580	  161.870833	   14.854580	  161.870833
1025	  15329	                       NGC2940	  144.589050	  144.521667	    9.895460	  144.521667
1029	  10741	      SDSS J141028.14+135950.2	  212.102570	  212.617250	   13.998422	  212.617250
1030	  19318	                       NGC2513	  120.643840	  120.602917	    9.671571	  120.602917
1032	  18230	                  [SMS2007] 14	  176.474030	  176.698333	    9.899780	  176.698333
1040	  16087	      SDSS J130756.73+042215.5	  197.448870	  196.986250	    4.249880	  196.986250
1043	  21565	             eMACSJ0935.1+0614	  144.035790	  143.763333	    6.257060	  143.763333
1050	  13932	      SDSS J080137.06+134022.7	  120.121130	  120.404583	   13.308440	  120.404583
1051	   9247	                       3CR 190	  119.986540	  120.389583	   13.842530	  120.389583
1051	  13932	      SDSS J080137.06+134022.7	  119.986540	  120.404583	   13.842530	  120.404583
1051	  13933	      SDSS J075952.64+141358.9	  119.986540	  119.969167	   13.842530	  119.969167
1051	  17107	                         3C190	  119.986540	  120.389583	   13.842530	  120.389583
1055	  19318	                       NGC2513	  120.945270	  120.602917	    9.711756	  120.602917
1063	  22569	               TGSS J1530+1049	  232.737940	  232.707917	   11.285360	  232.707917
1068	  12250	                          A853	  145.226943	  145.565000	   15.074610	  145.565000
1076	   3406	            Asteroid 1998 WT24	  120.547090	  120.962400	   12.243540	  120.962400
1080	  14947	      SDSS J094808.39+161414.1	  147.084530	  147.035000	   15.848564	  147.035000
1083	  20404	                    J0909+0354	  137.316670	  137.316250	    4.113150	  137.316250
1083	  22568	      SDSS J090915.91+035442.7	  137.316670	  137.316250	    4.113150	  137.316250
1083	  23161	      SDSS J090915.91+035442.7	  137.316670	  137.316250	    4.113150	  137.316250
1083	  23162	      SDSS J090915.91+035442.7	  137.316670	  137.316250	    4.113150	  137.316250
1089	  10399	                   CGCG049-057	  228.532280	  228.304583	    6.917886	  228.304583
1089	  10477	                    Abell 2052	  228.532280	  229.185417	    6.917886	  229.185417
1089	  10478	                    Abell 2052	  228.532280	  229.185417	    6.917886	  229.185417
1089	  10479	                    Abell 2052	  228.532280	  229.185417	    6.917886	  229.185417
1089	  10914	                    Abell 2052	  228.532280	  229.185417	    6.917886	  229.185417
1089	  10915	                    Abell 2052	  228.532280	  229.185417	    6.917886	  229.185417
1089	  10916	                    Abell 2052	  228.532280	  229.185417	    6.917886	  229.185417
1089	  10917	                    Abell 2052	  228.532280	  229.185417	    6.917886	  229.185417
1090	   9254	                       3CR 267	  177.056250	  177.485417	   12.655330	  177.485417
1090	   9406	                        HCG 59	  177.056250	  177.112500	   12.655330	  177.112500
1094	  26387	                      Wolf 359	  164.037500	  164.096265	    6.173060	  164.096265
1094	  26388	                      Wolf 359	  164.037500	  164.096265	    6.173060	  164.096265
1097	  11122	                      SN2010jl	  145.276707	  145.722208	    8.921694	  145.722208
1097	  13199	                      SN2010jl	  145.276707	  145.722208	    8.921694	  145.722208
1100	   9096	                     SN 2005ip	  143.407420	  143.026667	    8.463880	  143.026667
1100	  18802	                     SN 2005ip	  143.407420	  143.026667	    8.463880	  143.026667
1100	  19298	                     SN 2005ip	  143.407420	  143.026667	    8.463880	  143.026667
1101	  13861	      SDSS J131659.37+035319.8	  199.372000	  199.247500	    4.059700	  199.247500
1102	   9250	                       3CR 208	  133.473920	  133.285833	   13.569548	  133.285833
1104	  13203	               ULAS J1120+0641	  170.347620	  170.006250	    6.667110	  170.006250
1106	   1587	                       NGC3379	  162.340490	  161.958333	   12.905600	  161.958333
1106	   4692	                      NGC 3384	  162.340490	  162.070833	   12.905600	  162.070833
1106	   7073	                       NGC3379	  162.340490	  161.957083	   12.905600	  161.957083
1106	   7074	                       NGC3379	  162.340490	  161.957083	   12.905600	  161.957083
1106	   7075	                       NGC3379	  162.340490	  161.957083	   12.905600	  161.957083
1106	   7076	                       NGC3379	  162.340490	  161.957083	   12.905600	  161.957083
1106	  11782	                       NGC3384	  162.340490	  162.070417	   12.905600	  162.070417
1106	  13829	                      NGC 3384	  162.340490	  162.070417	   12.905600	  162.070417
1109	  18223	                       CSWA 11	  120.165310	  120.054583	    8.461042	  120.054583
1109	  22716	                       CSWA 11	  120.165310	  120.054417	    8.461042	  120.054417
1109	  23058	                       CSWA 11	  120.165310	  120.054417	    8.461042	  120.054417
1109	  23122	                       CSWA 11	  120.165310	  120.054417	    8.461042	  120.054417
1113	  19318	                       NGC2513	  120.246639	  120.602917	    8.926176	  120.602917
1117	   2934	                       NGC3377	  161.724950	  161.924167	   13.779380	  161.924167
1117	  12808	                      NGC 3367	  161.724950	  161.645833	   13.779380	  161.645833
1118	  19318	                       NGC2513	  120.448740	  120.602917	    9.605455	  120.602917
1121	  18230	                  [SMS2007] 14	  176.277800	  176.698333	    9.501423	  176.698333
1123	  21522	           J160627.53+135547.7	  241.404970	  241.614583	   13.492116	  241.614583
1125	  18931	                      beta Leo	  176.664140	  177.265000	   14.560420	  177.265000
1127	  11122	                      SN2010jl	  145.752230	  145.722208	    9.474516	  145.722208
1127	  11237	                     SN 2010jl	  145.752230	  145.722208	    9.474516	  145.722208
1127	  11702	      SDSS J094417.85+093019.4	  145.752230	  146.074583	    9.474516	  146.074583
1127	  13199	                      SN2010jl	  145.752230	  145.722208	    9.474516	  145.722208
1127	  13781	                     SN 2010jl	  145.752230	  145.722083	    9.474516	  145.722083
1127	  13782	                     SN 2010jl	  145.752230	  145.722083	    9.474516	  145.722083
1127	  15003	                         3C226	  145.752230	  146.068333	    9.474516	  146.068333
1127	  15869	                     SN 2010jl	  145.752230	  145.722083	    9.474516	  145.722083
1127	  19164	                     SN 2010jl	  145.752230	  145.722200	    9.474516	  145.722200
1127	  23775	                     NSA 51928	  145.752230	  146.080792	    9.474516	  146.080792
1129	  23777	                    NSA 104881	  120.436350	  120.119000	   15.585960	  120.119000
1132	  17045	      SDSS J103412.34+072003.6	  158.661620	  158.551250	    7.031580	  158.551250
1133	  11363	                       NGC6017	  239.153510	  239.315000	    6.194060	  239.315000
1137	   9254	                       3CR 267	  177.417080	  177.485417	   12.393970	  177.485417
1140	    391	                      NGC 3368	  162.236960	  161.690833	   12.194920	  161.690833
1140	   1587	                       NGC3379	  162.236960	  161.958333	   12.194920	  161.958333
1140	   4692	                      NGC 3384	  162.236960	  162.070833	   12.194920	  162.070833
1140	   7073	                       NGC3379	  162.236960	  161.957083	   12.194920	  161.957083
1140	   7074	                       NGC3379	  162.236960	  161.957083	   12.194920	  161.957083
1140	   7075	                       NGC3379	  162.236960	  161.957083	   12.194920	  161.957083
1140	   7076	                       NGC3379	  162.236960	  161.957083	   12.194920	  161.957083
1140	  11782	                       NGC3384	  162.236960	  162.070417	   12.194920	  162.070417
1140	  13829	                      NGC 3384	  162.236960	  162.070417	   12.194920	  162.070417
1140	  17075	                      Mrk 1263	  162.236960	  162.237083	   12.194920	  162.237083
1155	   9154	      SDSS J102258.41+123429.7	  155.914000	  155.743333	   12.623780	  155.743333
1155	  13375	                ZwCl 1023+1257	  155.914000	  156.490700	   12.623780	  156.490700
1156	  23766	                SDSSJ1550+0806	  237.895876	  237.740417	    8.031250	  237.740417
1158	  14969	      SDSS J084905.39+111445.8	  131.895150	  132.272500	   11.725420	  132.272500
1158	  17020	                           M67	  131.895150	  132.486667	   11.725420	  132.486667
1162	  10269	       SDSSJ094426.96+042956.8	  145.712250	  146.112083	    4.889920	  146.112083
1164	  13933	      SDSS J075952.64+141358.9	  119.841692	  119.969167	   14.161058	  119.969167
1170	  15386	                       ngc5248	  204.182620	  204.383333	    8.546880	  204.383333
1172	  18609	                       Jupiter	  165.640580	  165.591800	    7.135260	  165.591800
1185	   9747	                         Venus	  171.534580	  168.733292	    4.062360	  168.733292
1185	   9748	                         Venus	  171.534580	  168.733292	    4.062360	  168.733292
1185	   9749	                         Venus	  171.534580	  168.733292	    4.062360	  168.733292
1185	   9752	                         Venus	  171.534580	  168.733292	    4.062360	  168.733292
1185	   9753	                         Venus	  171.534580	  168.733292	    4.062360	  168.733292
1190	  12706	      SDSS J094533.99+100950.1	  146.773920	  146.391667	    9.851610	  146.391667
1190	  16759	                  PSR B0943+10	  146.773920	  146.532083	    9.851610	  146.532083
1190	  22529	               SDSS J0945+1009	  146.773920	  146.391583	    9.851610	  146.391583
1191	   1587	                       NGC3379	  162.321760	  161.958333	   12.421760	  161.958333
1191	   4692	                      NGC 3384	  162.321760	  162.070833	   12.421760	  162.070833
1191	   7073	                       NGC3379	  162.321760	  161.957083	   12.421760	  161.957083
1191	   7074	                       NGC3379	  162.321760	  161.957083	   12.421760	  161.957083
1191	   7075	                       NGC3379	  162.321760	  161.957083	   12.421760	  161.957083
1191	   7076	                       NGC3379	  162.321760	  161.957083	   12.421760	  161.957083
1191	  11782	                       NGC3384	  162.321760	  162.070417	   12.421760	  162.070417
1191	  13829	                      NGC 3384	  162.321760	  162.070417	   12.421760	  162.070417
1191	  17075	                      Mrk 1263	  162.321760	  162.237083	   12.421760	  162.237083
1193	   4693	                      NGC 3412	  162.579010	  162.720833	   13.271860	  162.720833
1198	  13354	                QSO J0958+1202	  150.141101	  149.717500	   12.023968	  149.717500
1201	  12706	      SDSS J094533.99+100950.1	  146.880830	  146.391667	   10.492110	  146.391667
1202	    939	                 AX J1510+0742	  227.691541	  227.597500	    7.187135	  227.597500
1202	  18225	                    Abell 2028	  227.691541	  227.366667	    7.187135	  227.366667
1202	  18848	                    Abell 2028	  227.691541	  227.366667	    7.187135	  227.366667
1206	   2134	                 QSO B0802+103	  120.932930	  121.199583	   10.149254	  121.199583
1206	   5626	                        3C 191	  120.932930	  121.199583	   10.149254	  121.199583
1208	   2095	                        3C 228	  147.045390	  147.544583	   14.553672	  147.544583
1208	   2453	                        3C 228	  147.045390	  147.544583	   14.553672	  147.544583
1208	  13325	               SDSS J0947+1421	  147.045390	  146.892500	   14.553672	  146.892500
1213	   5606	                   PG 1004+130	  151.777150	  151.858750	   12.897600	  151.858750
1213	  13972	       2MASX J10055117+1257403	  151.777150	  151.463333	   12.897600	  151.463333
1213	  16034	                   PG 1004+130	  151.777150	  151.858750	   12.897600	  151.858750
1220	  12982	                      NGC 5964	  234.264930	  234.401250	    6.040174	  234.401250
1225	  10346	                   F09039+0503	  136.627115	  136.642083	    5.186354	  136.642083
1230	    392	                      NGC 3489	  165.216400	  165.075417	   13.881329	  165.075417
1231	  14932	                      NGC 5373	  208.768790	  209.281250	    5.189530	  209.281250
1233	   2095	                        3C 228	  146.984722	  147.544583	   14.403683	  147.544583
1233	   2453	                        3C 228	  146.984722	  147.544583	   14.403683	  147.544583
1233	  13325	               SDSS J0947+1421	  146.984722	  146.892500	   14.403683	  146.892500
1238	  20476	      SDSS J094004.80+052630.8	  145.234580	  145.020000	    5.044610	  145.020000
1244	   6882	      SDSS J100711.81+053208.9	  151.768670	  151.799167	    5.006830	  151.799167
1248	  23777	                    NSA 104881	  120.374150	  120.119000	   15.714392	  120.119000
1260	  14387	            NSC J113249+143108	  173.008040	  173.239583	   14.610780	  173.239583
1262	   5033	               Daddi field - 2	  222.886750	  222.441250	    8.599965	  222.441250
1262	   5034	               Daddi field - 3	  222.886750	  222.358750	    8.599965	  222.358750
1267	   9154	      SDSS J102258.41+123429.7	  155.859750	  155.743333	   12.595140	  155.743333
1284	  14932	                      NGC 5373	  209.348210	  209.281250	    5.573670	  209.281250
1288	  11122	                      SN2010jl	  146.154670	  145.722208	   10.012880	  145.722208
1288	  11237	                     SN 2010jl	  146.154670	  145.722208	   10.012880	  145.722208
1288	  11702	      SDSS J094417.85+093019.4	  146.154670	  146.074583	   10.012880	  146.074583
1288	  12706	      SDSS J094533.99+100950.1	  146.154670	  146.391667	   10.012880	  146.391667
1288	  13199	                      SN2010jl	  146.154670	  145.722208	   10.012880	  145.722208
1288	  13781	                     SN 2010jl	  146.154670	  145.722083	   10.012880	  145.722083
1288	  15003	                         3C226	  146.154670	  146.068333	   10.012880	  146.068333
1288	  16759	                  PSR B0943+10	  146.154670	  146.532083	   10.012880	  146.532083
1288	  19164	                     SN 2010jl	  146.154670	  145.722200	   10.012880	  145.722200
1288	  22529	               SDSS J0945+1009	  146.154670	  146.391583	   10.012880	  146.391583
1288	  23775	                     NSA 51928	  146.154670	  146.080792	   10.012880	  146.080792
1290	  20574	                SDSSJ1429+1202	  217.219780	  217.479167	   12.581680	  217.479167
1290	  22188	                SDSSJ1429+1202	  217.219780	  217.479167	   12.581680	  217.479167
1296	   5177	                       HR 5392	  215.931940	  216.047500	    5.876860	  216.047500
1297	  11363	                       NGC6017	  239.060140	  239.315000	    6.098170	  239.315000
1299	  19439	      SDSS J154543.55+085801.3	  235.714500	  236.431667	    9.153538	  236.431667
1301	   7831	                      NGC 3299	  159.099170	  159.099167	   12.707390	  159.099167
1302	   2934	                       NGC3377	  162.507470	  161.924167	   13.784770	  161.924167
1302	   4693	                      NGC 3412	  162.507470	  162.720833	   13.784770	  162.720833
1303	  19318	                       NGC2513	  120.533529	  120.602917	    9.649308	  120.602917
1304	   9744	                         Venus	  171.272630	  168.733292	    4.121000	  168.733292
1304	   9745	                         Venus	  171.272630	  168.733292	    4.121000	  168.733292
1304	   9746	                         Venus	  171.272630	  168.733292	    4.121000	  168.733292
1304	   9747	                         Venus	  171.272630	  168.733292	    4.121000	  168.733292
1304	   9748	                         Venus	  171.272630	  168.733292	    4.121000	  168.733292
1304	   9749	                         Venus	  171.272630	  168.733292	    4.121000	  168.733292
1304	   9752	                         Venus	  171.272630	  168.733292	    4.121000	  168.733292
1304	   9753	                         Venus	  171.272630	  168.733292	    4.121000	  168.733292
1305	  16117	      SDSS J105553.64+152027.4	  164.081329	  163.973333	   14.866365	  163.973333
1305	  17160	         RM J105417.5+143904.2	  164.081329	  163.572917	   14.866365	  163.572917
1306	  15329	                       NGC2940	  145.055213	  144.521667	    9.924482	  144.521667
1309	  13980	                      NGC 5674	  218.844940	  218.490833	    5.276550	  218.490833
1311	  23766	                SDSSJ1550+0806	  237.897141	  237.740417	    8.014642	  237.740417
1312	   2402	                      KIG 0284	  131.548196	  131.419000	    7.049614	  131.419000
1314	    363	                   PG 1115+080	  169.441090	  169.570833	    7.639190	  169.570833
1314	   1630	                    PG1115+080	  169.441090	  169.570417	    7.639190	  169.570417
1314	   7757	                    PG1115+080	  169.441090	  169.570833	    7.639190	  169.570833
1314	  10730	                   PG 1115+080	  169.441090	  169.570417	    7.639190	  169.570417
1314	  10795	                   PG 1115+080	  169.441090	  169.570417	    7.639190	  169.570417
1314	  10796	                   PG 1115+080	  169.441090	  169.570417	    7.639190	  169.570417
1314	  11857	                   PG 1115+080	  169.441090	  169.570417	    7.639190	  169.570417
1314	  12093	                   PG 1115+080	  169.441090	  169.570417	    7.639190	  169.570417
1314	  12094	                   PG 1115+080	  169.441090	  169.570417	    7.639190	  169.570417
1317	   4642	                       SN1988Z	  162.657830	  162.958750	   15.763470	  162.958750
1318	  12915	                  1ES 1553+113	  237.992230	  238.929167	   11.416981	  238.929167
1318	  12917	                  1ES 1553+113	  237.992230	  238.929167	   11.416981	  238.929167
1343	  14932	                      NGC 5373	  209.088820	  209.281250	    5.328960	  209.281250
1345	  14951	      SDSS J082508.75+115536.3	  126.626830	  126.286250	   11.786083	  126.286250
1345	  22527	               SDSS J0825+1155	  126.626830	  126.286458	   11.786083	  126.286458
1347	  14387	            NSC J113249+143108	  173.458580	  173.239583	   14.824500	  173.239583
1348	   9096	                     SN 2005ip	  143.036720	  143.026667	    8.469660	  143.026667
1348	  18802	                     SN 2005ip	  143.036720	  143.026667	    8.469660	  143.026667
1348	  19298	                     SN 2005ip	  143.036720	  143.026667	    8.469660	  143.026667
1349	    900	                        MKW 3S	  230.185824	  230.466250	    7.245040	  230.466250
1353	  24972	       SDSSJ100438.82+151057.3	  151.000661	  151.161758	   15.249927	  151.161758
1356	   5188	                       Regulus	  151.929303	  152.093750	   12.370210	  152.093750
1356	   5606	                   PG 1004+130	  151.929303	  151.858750	   12.370210	  151.858750
1356	  16034	                   PG 1004+130	  151.929303	  151.858750	   12.370210	  151.858750
1357	  15374	     GMBCG J154.45050+03.86041	  154.299290	  154.450417	    4.330780	  154.450417
1359	  12395	                     HD 120066	  206.670890	  206.737917	    6.654318	  206.737917
1364	   9250	                       3CR 208	  133.140660	  133.285833	   13.841221	  133.285833
1364	  18097	                     3CR 208.1	  133.140660	  133.663750	   13.841221	  133.663750
1367	   2930	                      NGC 5954	  233.251720	  233.646250	   15.519122	  233.646250
1370	  20507	            ClG J092921+120505	  142.466000	  142.322083	   11.926610	  142.322083
1374	   5704	      SDSS J143752.76+042854.5	  219.593990	  219.470000	    4.613280	  219.470000
1377	  19318	                       NGC2513	  120.891066	  120.602917	    9.125468	  120.602917
1381	   3026	                QSO J1603+0721	  240.451510	  240.837125	    6.838471	  240.837125
1387	  21148	                    J1525+1234	  231.129610	  231.270000	   12.876231	  231.270000
1390	   1587	                       NGC3379	  162.361260	  161.958333	   12.257780	  161.958333
1390	   4692	                      NGC 3384	  162.361260	  162.070833	   12.257780	  162.070833
1390	   7073	                       NGC3379	  162.361260	  161.957083	   12.257780	  161.957083
1390	   7076	                       NGC3379	  162.361260	  161.957083	   12.257780	  161.957083
1390	  11782	                       NGC3384	  162.361260	  162.070417	   12.257780	  162.070417
1390	  17075	                      Mrk 1263	  162.361260	  162.237083	   12.257780	  162.237083
1401	   2930	                      NGC 5954	  233.638220	  233.646250	   15.133591	  233.646250
1401	   4023	                       NGC5953	  233.638220	  233.635000	   15.133591	  233.635000
1403	  23139	          RMJ084114.3+075843.6	  130.089008	  130.309494	    7.892605	  130.309494
1404	  17023	      SDSS J085904.59+042647.8	  134.837700	  134.769167	    4.942000	  134.769167
1404	  24764	               RX J0859.1+0537	  134.837700	  134.788250	    4.942000	  134.788250
1415	  15677	        Comet C/2012 S1 (ISON)	  171.416690	  170.970000	    4.676530	  170.970000
1415	  16494	        Comet C/2012 S1 (ISON)	  171.416690	  170.900000	    4.676530	  170.900000
1416	  17759	       2MASS J10252645+0512391	  156.443170	  156.359167	    5.653470	  156.359167
1419	  12767	       SDSSJ110505.15+111541.0	  166.110330	  166.271667	   11.756360	  166.271667
1420	  15374	     GMBCG J154.45050+03.86041	  154.287580	  154.450417	    4.344310	  154.450417
1422	  12395	                     HD 120066	  206.277170	  206.737917	    6.519567	  206.737917
1423	   7406	                         Venus	  170.546120	  168.733292	    4.661560	  168.733292
1423	   9741	                         Venus	  170.546120	  168.733292	    4.661560	  168.733292
1423	   9742	                         Venus	  170.546120	  168.733292	    4.661560	  168.733292
1423	   9743	                         Venus	  170.546120	  168.733292	    4.661560	  168.733292
1423	   9744	                         Venus	  170.546120	  168.733292	    4.661560	  168.733292
1423	  15674	        Comet C/2012 S1 (ISON)	  170.546120	  170.827220	    4.661560	  170.827220
1423	  15677	        Comet C/2012 S1 (ISON)	  170.546120	  170.970000	    4.661560	  170.970000
1423	  16494	        Comet C/2012 S1 (ISON)	  170.546120	  170.900000	    4.661560	  170.900000
1428	  11363	                       NGC6017	  239.010822	  239.315000	    5.456181	  239.315000
1431	    394	                      NGC 3627	  170.596620	  170.062083	   13.077810	  170.062083
1431	   9548	                      NGC 3627	  170.596620	  170.062917	   13.077810	  170.062917
1440	  18277	                 MOOJ1142+1527	  175.461000	  175.694167	   15.973750	  175.694167
1441	  14932	                      NGC 5373	  209.039000	  209.281250	    5.542580	  209.281250
1443	   6882	      SDSS J100711.81+053208.9	  151.850250	  151.799167	    5.325310	  151.799167
1449	  11363	                       NGC6017	  239.155728	  239.315000	    5.968646	  239.315000
1453	   6821	               SDSS J0942+0422	  145.578960	  145.508333	    4.689390	  145.508333
1454	  18277	                 MOOJ1142+1527	  175.885458	  175.694167	   15.042620	  175.694167
1458	   2136	                 QSO B1040+123	  160.501540	  160.685833	   12.334930	  160.685833
1459	  18099	                     3CR 222.0	  144.347976	  144.133333	    4.098510	  144.133333
1460	   1587	                       NGC3379	  162.326750	  161.958333	   12.378200	  161.958333
1460	   4692	                      NGC 3384	  162.326750	  162.070833	   12.378200	  162.070833
1460	   7073	                       NGC3379	  162.326750	  161.957083	   12.378200	  161.957083
1460	   7074	                       NGC3379	  162.326750	  161.957083	   12.378200	  161.957083
1460	   7075	                       NGC3379	  162.326750	  161.957083	   12.378200	  161.957083
1460	   7076	                       NGC3379	  162.326750	  161.957083	   12.378200	  161.957083
1460	  11782	                       NGC3384	  162.326750	  162.070417	   12.378200	  162.070417
1460	  13829	                      NGC 3384	  162.326750	  162.070417	   12.378200	  162.070417
1460	  17075	                      Mrk 1263	  162.326750	  162.237083	   12.378200	  162.237083
1464	  18608	                       Jupiter	  165.757973	  165.185100	    8.048476	  165.185100
1464	  18609	                       Jupiter	  165.757973	  165.591800	    8.048476	  165.591800
1464	  23195	       SDSSJ110248.02+083404.2	  165.757973	  165.700119	    8.048476	  165.700119
1465	  16975	        GALEX J100712.2+065736	  151.519565	  151.800000	    7.135159	  151.800000
1469	  13336	               SDSS J0904+1309	  135.661423	  136.097500	   13.116559	  136.097500
1473	   3067	                  HS 0854+0915	  134.272667	  134.350000	    9.118312	  134.350000
1475	    391	                      NGC 3368	  161.672160	  161.690833	   12.327050	  161.690833
1475	   1587	                       NGC3379	  161.672160	  161.958333	   12.327050	  161.958333
1475	   4692	                      NGC 3384	  161.672160	  162.070833	   12.327050	  162.070833
1475	   7073	                       NGC3379	  161.672160	  161.957083	   12.327050	  161.957083
1475	   7074	                       NGC3379	  161.672160	  161.957083	   12.327050	  161.957083
1475	   7075	                       NGC3379	  161.672160	  161.957083	   12.327050	  161.957083
1475	   7076	                       NGC3379	  161.672160	  161.957083	   12.327050	  161.957083
1475	  11782	                       NGC3384	  161.672160	  162.070417	   12.327050	  162.070417
1475	  13829	                      NGC 3384	  161.672160	  162.070417	   12.327050	  162.070417
1484	  11122	                      SN2010jl	  146.182890	  145.722208	    9.615010	  145.722208
1484	  11237	                     SN 2010jl	  146.182890	  145.722208	    9.615010	  145.722208
1484	  11702	      SDSS J094417.85+093019.4	  146.182890	  146.074583	    9.615010	  146.074583
1484	  12706	      SDSS J094533.99+100950.1	  146.182890	  146.391667	    9.615010	  146.391667
1484	  13199	                      SN2010jl	  146.182890	  145.722208	    9.615010	  145.722208
1484	  13781	                     SN 2010jl	  146.182890	  145.722083	    9.615010	  145.722083
1484	  13782	                     SN 2010jl	  146.182890	  145.722083	    9.615010	  145.722083
1484	  15003	                         3C226	  146.182890	  146.068333	    9.615010	  146.068333
1484	  15869	                     SN 2010jl	  146.182890	  145.722083	    9.615010	  145.722083
1484	  16759	                  PSR B0943+10	  146.182890	  146.532083	    9.615010	  146.532083
1484	  19164	                     SN 2010jl	  146.182890	  145.722200	    9.615010	  145.722200
1484	  22529	               SDSS J0945+1009	  146.182890	  146.391583	    9.615010	  146.391583
1484	  23775	                     NSA 51928	  146.182890	  146.080792	    9.615010	  146.080792
1493	   4187	                         A2063	  231.137242	  230.772292	    8.515502	  230.772292
1493	   5795	                         A2063	  231.137242	  230.772083	    8.515502	  230.772083
1493	   6262	                         A2063	  231.137242	  230.772083	    8.515502	  230.772083
1493	   6263	                         A2063	  231.137242	  230.772083	    8.515502	  230.772083
1493	  23733	                   CGCG077-117	  231.137242	  231.052417	    8.515502	  231.052417
1494	   3026	                QSO J1603+0721	  240.699640	  240.837125	    6.875186	  240.837125
1498	  16059	                         3C237	  152.585710	  152.000000	    7.753720	  152.000000
1499	  13354	                QSO J0958+1202	  149.900570	  149.717500	   11.775040	  149.717500
1500	    832	                   PG 1254+047	  194.237880	  194.250417	    4.064830	  194.250417
1502	   2934	                       NGC3377	  161.843150	  161.924167	   14.071200	  161.924167
1502	  12808	                      NGC 3367	  161.843150	  161.645833	   14.071200	  161.645833
1506	  23698	                   MCG2-30-017	  175.236460	  175.570292	   14.074220	  175.570292
1507	   1647	               RX J0821.0+0752	  125.524740	  125.260000	    8.300190	  125.260000
1507	  17194	                RXJ0821.0+0752	  125.524740	  125.259167	    8.300190	  125.259167
1507	  17563	                RXJ0821.0+0752	  125.524740	  125.259167	    8.300190	  125.259167
1508	  14912	                       Mrk 750	  177.511390	  177.511250	   15.023189	  177.511250
1508	  18931	                      beta Leo	  177.511390	  177.265000	   15.023189	  177.265000
1510	  26340	       SDSSJ111300.80+142911.0	  168.817330	  168.253372	   14.698610	  168.253372
1511	  21565	             eMACSJ0935.1+0614	  143.686330	  143.763333	    6.425500	  143.763333
1513	  14912	                       Mrk 750	  177.733290	  177.511250	   14.594830	  177.511250
1513	  18931	                      beta Leo	  177.733290	  177.265000	   14.594830	  177.265000
1517	    394	                      NGC 3627	  169.675780	  170.062083	   12.561608	  170.062083
1517	   1637	                      NGC 3623	  169.675780	  169.731667	   12.561608	  169.731667
1517	   9548	                      NGC 3627	  169.675780	  170.062917	   12.561608	  170.062917
1517	  10373	                 QSO B1116+128	  169.675780	  169.738750	   12.561608	  169.738750
1521	   1290	               RX J1419.9+0634	  214.461427	  214.750000	    6.840476	  214.750000
1521	   1291	               RX J1419.9+0634	  214.461427	  214.750000	    6.840476	  214.750000
1521	   1292	               RX J1419.9+0634	  214.461427	  215.000000	    6.840476	  215.000000
1521	   1293	               RX J1419.9+0634	  214.461427	  215.000000	    6.840476	  215.000000
1522	   2934	                       NGC3377	  162.223970	  161.924167	   14.124520	  161.924167
1522	  12808	                      NGC 3367	  162.223970	  161.645833	   14.124520	  161.645833
1523	  17160	         RM J105417.5+143904.2	  163.019970	  163.572917	   15.030460	  163.572917
1525	  24685	               RX J0859.1+0537	  134.726965	  134.788250	    5.526735	  134.788250
1525	  24764	               RX J0859.1+0537	  134.726965	  134.788250	    5.526735	  134.788250
1527	    391	                      NGC 3368	  162.180570	  161.690833	   12.315400	  161.690833
1527	   1587	                       NGC3379	  162.180570	  161.958333	   12.315400	  161.958333
1527	   4692	                      NGC 3384	  162.180570	  162.070833	   12.315400	  162.070833
1527	   7073	                       NGC3379	  162.180570	  161.957083	   12.315400	  161.957083
1527	   7074	                       NGC3379	  162.180570	  161.957083	   12.315400	  161.957083
1527	   7075	                       NGC3379	  162.180570	  161.957083	   12.315400	  161.957083
1527	   7076	                       NGC3379	  162.180570	  161.957083	   12.315400	  161.957083
1527	  11782	                       NGC3384	  162.180570	  162.070417	   12.315400	  162.070417
1527	  13829	                      NGC 3384	  162.180570	  162.070417	   12.315400	  162.070417
1527	  17075	                      Mrk 1263	  162.180570	  162.237083	   12.315400	  162.237083
1530	   7831	                      NGC 3299	  159.369360	  159.099167	   12.396280	  159.099167
1532	  11468	      SDSS J131310.12+051942.1	  198.027310	  198.292083	    5.475700	  198.292083
1534	   8253	       2MASX J13490964+0404487	  206.989370	  207.290083	    4.314060	  207.290083
1537	  23698	                   MCG2-30-017	  175.793730	  175.570292	   14.224710	  175.570292
1539	   1637	                      NGC 3623	  169.254380	  169.731667	   13.099640	  169.731667
1541	  14387	            NSC J113249+143108	  173.462130	  173.239583	   14.054170	  173.239583
1543	   4693	                      NGC 3412	  162.756290	  162.720833	   13.333470	  162.720833
1547	   6842	                         3C227	  147.024540	  146.907917	    7.129110	  146.907917
1547	   7265	                         3C227	  147.024540	  146.907917	    7.129110	  146.907917
1550	    394	                      NGC 3627	  170.600080	  170.062083	   12.979560	  170.062083
1550	   9548	                      NGC 3627	  170.600080	  170.062917	   12.979560	  170.062917
1555	   4693	                      NGC 3412	  162.837100	  162.720833	   12.848920	  162.720833
1556	    392	                      NGC 3489	  164.716480	  165.075417	   14.130080	  165.075417
1557	  14912	                       Mrk 750	  177.379290	  177.511250	   15.261030	  177.511250
1559	   5629	       2MASS J11135466+1244390	  168.687580	  168.477917	   12.647700	  168.477917
1559	   7084	                      NGC 3593	  168.687580	  168.654167	   12.647700	  168.654167
1560	   1587	                       NGC3379	  161.557290	  161.958333	   12.961430	  161.958333
1560	   7074	                       NGC3379	  161.557290	  161.957083	   12.961430	  161.957083
1560	   7075	                       NGC3379	  161.557290	  161.957083	   12.961430	  161.957083
1561	  10346	                   F09039+0503	  137.152260	  136.642083	    5.290780	  136.642083
1563	   2795	                RXJ0806.3+1527	  121.554430	  121.596667	   15.503940	  121.596667
1563	   4523	               RX J0806.3+1527	  121.554430	  121.596667	   15.503940	  121.596667
1563	   4524	               RX J0806.3+1527	  121.554430	  121.596667	   15.503940	  121.596667
1563	   4525	               RX J0806.3+1527	  121.554430	  121.596667	   15.503940	  121.596667
1563	   4526	               RX J0806.3+1527	  121.554430	  121.596667	   15.503940	  121.596667
1563	   4527	               RX J0806.3+1527	  121.554430	  121.596667	   15.503940	  121.596667
1563	   5282	               RX J0806.3+1527	  121.554430	  121.596667	   15.503940	  121.596667
1563	   6562	               RX J0806.3+1527	  121.554430	  121.596667	   15.503940	  121.596667
1563	   7249	               RX J0806.3+1527	  121.554430	  121.596667	   15.503940	  121.596667
1563	  11027	               RX J0806.3+1527	  121.554430	  121.596667	   15.503940	  121.596667
1563	  11028	               RX J0806.3+1527	  121.554430	  121.596667	   15.503940	  121.596667
1563	  12060	               RX J0806.3+1527	  121.554430	  121.596667	   15.503940	  121.596667
1563	  12061	               RX J0806.3+1527	  121.554430	  121.596667	   15.503940	  121.596667
1564	   1587	                       NGC3379	  161.740000	  161.958333	   12.999000	  161.958333
1564	   7073	                       NGC3379	  161.740000	  161.957083	   12.999000	  161.957083
1564	   7074	                       NGC3379	  161.740000	  161.957083	   12.999000	  161.957083
1564	   7075	                       NGC3379	  161.740000	  161.957083	   12.999000	  161.957083
1564	   7076	                       NGC3379	  161.740000	  161.957083	   12.999000	  161.957083
1564	  11782	                       NGC3384	  161.740000	  162.070417	   12.999000	  162.070417
1567	   2039	                      NGC 3628	  169.839140	  170.070833	   14.075455	  170.070833
1567	   2918	                      NGC 3628	  169.839140	  170.156250	   14.075455	  170.156250
1567	   2919	                      NGC 3628	  169.839140	  170.156250	   14.075455	  170.156250
1568	   1647	               RX J0821.0+0752	  125.653130	  125.260000	    7.464340	  125.260000
1568	  17194	                RXJ0821.0+0752	  125.653130	  125.259167	    7.464340	  125.259167
1568	  17563	                RXJ0821.0+0752	  125.653130	  125.259167	    7.464340	  125.259167
