Best_Mag	Petro_Mag_g	cModelMag	PetroRad_g	Difference	My_RA	SDSS_RA		My_DEC		SDSS_DEC
12.799161	12.335840	16.869570	21.975610	0.463321	120.602800	120.602800	9.413560	9.413560
13.296031	13.232330	17.919650	5.903409	0.063701	210.554320	210.554300	8.037110	8.037110
13.015265	12.982320	17.671970	8.744707	0.032945	119.202770	119.202800	7.477950	7.477950
13.001734	12.936730	17.481480	5.812963	0.065004	120.405040	120.405000	15.709740	15.709740
13.135391	12.887340	16.307650	11.156950	0.248051	232.503480	232.503500	12.989325	12.989320
13.509401	13.500850	16.154210	4.933461	0.008551	144.746620	144.746600	6.955440	6.955440
12.712014	12.464540	16.536830	16.815530	0.247474	176.454420	176.454400	13.766690	13.766690
13.757409	13.730110	16.401370	12.178460	0.027299	209.553580	209.553600	6.518180	6.518180
13.253685	13.042890	14.423980	20.646520	0.210795	120.488400	120.488400	8.551880	8.551880
13.491770	13.427320	16.531820	8.248686	0.064450	209.562060	209.562100	6.258690	6.258690
13.886456	13.658160	17.716670	9.422325	0.228296	213.065880	213.065900	15.841910	15.841910
13.548614	13.440160	16.176960	7.270735	0.108454	176.273020	176.273000	8.469510	8.469510
12.803105	12.668120	17.797180	12.219290	0.134985	141.427240	141.427200	11.432140	11.432140
13.170461	13.055270	15.743260	19.299430	0.115191	134.710290	134.710300	6.293000	6.293000
13.976966	13.878770	17.254950	4.950056	0.098196	217.242630	217.242600	13.861880	13.861880
13.965569	13.909030	18.041810	8.615582	0.056539	211.250790	211.250800	13.131890	13.131890
13.727774	13.678510	17.800450	9.526453	0.049264	213.709890	213.709900	15.146890	15.146890
14.000000	13.990470	18.191050	6.481668	0.009530	217.712440	217.712400	13.968520	13.968520
13.815075	13.789240	15.755130	24.569310	0.025835	239.377870	239.377900	15.956050	15.956050
13.289385	13.103730	17.790000	7.624748	0.185655	145.100290	145.100300	14.922640	14.922640
14.018414	14.009330	17.331110	11.953420	0.009084	215.418740	215.418700	13.232390	13.232390
13.868878	13.769010	17.474560	5.195892	0.099868	138.820690	138.820700	11.885690	11.885690
14.073041	13.965190	17.198810	3.854702	0.107851	213.716820	213.716800	14.125870	14.125870
13.107037	12.939930	17.430470	9.826127	0.167107	143.442050	143.442000	10.152503	10.152500
13.780469	13.760000	17.833040	4.745553	0.020469	120.346380	120.346400	15.369260	15.369260
13.971902	13.831880	16.671470	13.760370	0.140022	239.533240	239.533200	12.070290	12.070290
13.880367	13.872110	17.255850	7.835527	0.008257	120.706810	120.706800	15.808280	15.808280
13.313510	13.310290	16.424060	11.029250	0.003220	175.056290	175.056300	15.342360	15.342360
13.741590	13.298910	17.219370	10.887840	0.442680	121.699900	121.699900	5.309400	5.309400
14.073958	14.013580	17.661300	4.971421	0.060378	241.361770	241.361800	15.025340	15.025340
14.181600	13.981010	14.903670	18.214410	0.200590	147.775130	147.775100	9.008600	9.008600
12.632654	12.569590	16.932840	18.419810	0.063064	218.107250	218.107300	8.078640	8.078640
13.140723	13.079420	14.906880	19.311660	0.061303	159.160170	159.160200	14.171100	14.171100
14.103220	13.760580	13.652450	37.459690	0.342640	210.846440	210.846400	9.448089	9.448090
12.820950	12.471870	25.114380	2.970411	0.349080	215.956330	215.956300	14.638770	14.638770
14.423748	14.318110	17.714990	7.963221	0.105638	212.259650	212.259600	14.317005	14.317010
13.776653	13.515210	20.683550	1.765885	0.261443	125.671650	125.671700	4.262430	4.262430
13.348463	13.322300	14.546520	28.580830	0.026163	176.439840	176.439800	10.824600	10.824600
13.949796	13.854100	20.866840	1.890793	0.095696	138.671300	138.671300	15.461960	15.461960
14.544513	14.524680	16.441900	16.018050	0.019833	209.603290	209.603300	6.071280	6.071280
14.214397	14.192020	17.851890	3.698425	0.022377	237.445590	237.445600	12.399340	12.399340
14.383775	14.373510	16.799220	17.818050	0.010265	211.784150	211.784100	12.588090	12.588090
14.586514	14.484800	13.984110	24.450940	0.101714	217.635620	217.635600	14.024417	14.024420
12.613029	12.574350	14.966570	29.902280	0.038679	130.665850	130.665800	14.285620	14.285620
14.502597	14.370100	21.416940	1.532405	0.132497	241.993170	241.993200	10.779589	10.779590
13.875917	13.063020	20.468120	1.373491	0.812897	141.447210	141.447200	11.424580	11.424580
14.176041	14.173590	16.838400	8.773210	0.002451	210.642530	210.642500	14.552540	14.552540
14.709134	14.657920	17.411850	13.044500	0.051214	211.505090	211.505100	12.783320	12.783320
12.294047	12.274340	16.665320	5.601775	0.019707	219.796170	219.796200	5.363480	5.363480
14.059676	14.052030	17.203940	11.672320	0.007646	151.224610	151.224600	5.062640	5.062640
14.015767	13.960210	17.053240	6.338888	0.055557	121.024390	121.024400	5.113840	5.113840
14.335530	14.214320	17.200600	12.438110	0.121210	209.558320	209.558300	5.408280	5.408280
13.226943	12.992250	14.665860	19.797490	0.234693	178.988360	178.988400	6.748940	6.748940
14.484571	14.463650	17.823080	6.711182	0.020921	120.984920	120.984900	8.699640	8.699640
13.745556	13.741650	15.973460	19.152540	0.003906	144.532870	144.532900	9.523920	9.523920
14.134365	14.096520	16.000560	9.576384	0.037845	133.980840	133.980800	13.229690	13.229690
14.766274	14.416850	17.027070	6.102200	0.349424	239.374060	239.374100	15.872620	15.872620
14.325519	14.275440	18.205270	7.827556	0.050079	120.156320	120.156300	13.697350	13.697350
14.004754	13.974750	17.272790	4.296794	0.030004	146.422800	146.422800	4.941850	4.941850
14.547977	14.484350	17.875410	8.212867	0.063627	211.158130	211.158100	11.645750	11.645750
14.140000	13.877920	17.115580	3.759558	0.262080	124.904040	124.904000	4.657220	4.657220
14.407787	14.256570	19.823830	1.618104	0.151217	120.475490	120.475500	9.625860	9.625860
14.787489	14.732560	16.679090	13.949110	0.054929	177.467180	177.467200	6.667740	6.667740
13.495448	13.150270	15.469650	6.800225	0.345178	163.016130	163.016100	10.148310	10.148310
14.779288	14.670310	15.634240	23.243410	0.108978	241.854590	241.854600	10.425810	10.425810
13.755510	13.724160	13.889250	15.130370	0.031350	143.511590	143.511600	10.108707	10.108710
14.658867	14.588890	15.886040	8.578940	0.069977	220.428970	220.429000	5.952760	5.952760
14.802462	14.755780	17.688390	4.598266	0.046682	239.627580	239.627600	13.999187	13.999190
14.413247	14.374160	17.969930	7.155807	0.039087	198.291910	198.291900	9.690580	9.690580
14.885473	14.822540	17.291590	6.640236	0.062933	211.149840	211.149800	15.472788	15.472790
13.747035	13.599160	16.532630	6.436059	0.147875	241.804150	241.804200	7.978990	7.978990
14.214085	14.122260	15.222580	32.673870	0.091825	120.544500	120.544500	9.485990	9.485990
14.453894	14.453840	17.769370	5.010491	0.000054	120.562520	120.562500	9.394410	9.394410
13.102636	12.993710	20.915880	1.449055	0.108926	233.634960	233.635000	15.193780	15.193780
14.888530	14.851780	17.934880	7.181859	0.036750	149.486240	149.486200	10.432454	10.432450
14.411919	14.340460	17.856700	4.004497	0.071459	150.133280	150.133300	4.407070	4.407070
13.761543	13.732300	14.854970	32.722560	0.029243	176.361120	176.361100	9.160710	9.160710
12.548485	12.267140	21.542300	1.495371	0.281345	230.485670	230.485700	5.070530	5.070530
14.994184	14.994150	17.394900	3.635471	0.000034	240.457170	240.457200	8.148280	8.148280
13.542605	13.504550	16.846780	11.422860	0.038055	238.989170	238.989200	5.931890	5.931890
12.782649	12.733650	17.646350	9.602456	0.048999	148.825260	148.825300	4.270020	4.270020
14.330330	14.227880	16.079130	8.441095	0.102450	134.254540	134.254500	13.199110	13.199110
12.907082	12.903120	14.500610	12.568730	0.003962	172.100050	172.100100	9.407630	9.407630
14.644056	14.603420	15.039930	11.968930	0.040636	120.152970	120.153000	15.684200	15.684200
12.962527	12.865110	18.167100	11.580410	0.097417	145.224730	145.224700	5.165810	5.165810
14.542276	14.472700	17.303020	6.349851	0.069576	177.114710	177.114700	12.727310	12.727310
14.058744	13.997920	16.148650	4.190093	0.060824	173.548650	173.548600	12.512310	12.512310
15.075000	14.929130	17.681090	3.690877	0.145870	210.952510	210.952500	15.402300	15.402300
14.713958	14.328000	16.045320	24.116920	0.385958	149.177450	149.177400	15.637730	15.637730
15.039527	15.012500	16.262960	9.370268	0.027027	212.116680	212.116700	15.920934	15.920930
15.099680	15.045160	17.438300	13.060120	0.054520	213.052990	213.053000	15.868890	15.868890
14.649987	14.608680	15.076480	21.381370	0.041307	211.206120	211.206100	11.395510	11.395510
14.830043	14.777890	17.368990	5.414614	0.052153	241.132290	241.132300	14.819140	14.819140
13.453821	13.410560	15.409670	19.726710	0.043261	143.698000	143.698000	10.283710	10.283710
13.778214	13.776210	17.056450	16.611500	0.002004	153.210420	153.210400	12.666670	12.666670
14.987141	14.979810	13.580680	31.081060	0.007331	210.287200	210.287200	8.583690	8.583690
14.327499	14.254010	17.452630	12.834220	0.073489	149.449050	149.449100	15.125600	15.125600
15.021155	14.970540	17.017770	7.850925	0.050615	212.672290	212.672300	13.558000	13.558000
14.573495	14.318560	16.520260	15.426600	0.254935	174.257900	174.257900	15.570610	15.570610
13.172936	13.076700	13.653990	47.764710	0.096236	233.846720	233.846700	12.047600	12.047600
15.174975	15.123480	15.955500	10.079300	0.051495	241.207600	241.207600	8.481090	8.481090
13.823913	13.608150	15.185200	29.488350	0.215763	161.922830	161.922800	11.077074	11.077070
15.041506	15.007580	16.695230	5.095170	0.033926	146.097870	146.097900	11.231310	11.231310
14.280410	14.234760	13.820300	13.866700	0.045650	175.039100	175.039100	15.327300	15.327300
12.892864	12.745830	13.147760	40.414760	0.147034	169.375730	169.375700	4.555570	4.555570
13.949929	13.754100	20.608080	27.922280	0.195829	151.093610	151.093600	13.621210	13.621210
13.298049	13.226910	16.170110	9.539767	0.071139	233.743920	233.743900	11.750290	11.750290
14.316863	14.315920	15.191770	8.101811	0.000943	243.566320	243.566300	9.537190	9.537190
14.614455	14.504100	14.421060	20.431300	0.110355	150.188370	150.188400	4.734320	4.734320
14.950820	14.743050	17.848200	6.627538	0.207770	209.660670	209.660700	7.216560	7.216560
14.082254	13.788080	17.295710	10.833800	0.294174	158.582500	158.582500	13.754580	13.754580
14.947247	14.887580	15.987460	19.147790	0.059667	120.493720	120.493700	15.058750	15.058750
14.614083	14.588460	16.253560	30.353210	0.025623	126.107630	126.107600	4.247680	4.247680
12.535722	12.287650	17.318850	3.264569	0.248072	168.775860	168.775900	14.787020	14.787020
15.077582	14.735030	13.525440	62.658450	0.342552	241.117430	241.117400	14.782430	14.782430
14.772232	14.643780	13.342660	16.050860	0.128452	174.306350	174.306400	15.432530	15.432530
14.547967	14.434770	17.242880	3.149989	0.113197	137.343980	137.344000	15.796160	15.796160
13.756493	13.716910	16.911160	17.638650	0.039583	135.535040	135.535000	8.301660	8.301660
14.863090	14.709430	13.352420	34.780760	0.153660	210.060830	210.060800	8.967500	8.967500
14.149749	14.031440	16.681370	14.231220	0.118309	162.234820	162.234800	14.219830	14.219830
15.149603	15.099390	17.284060	13.423220	0.050213	213.473030	213.473000	15.509950	15.509950
15.123624	15.002600	17.224220	5.659342	0.121024	135.672500	135.672500	13.107920	13.107920
15.281700	15.248000	13.458160	33.125960	0.033700	140.589540	140.589500	4.061190	4.061190
14.913238	14.893330	18.445360	7.245344	0.019908	122.684880	122.684900	7.473190	7.473190
14.974106	14.791450	18.186610	5.091978	0.182656	118.371830	118.371800	14.612530	14.612530
15.143538	15.095560	15.721960	2.859961	0.047978	148.464370	148.464400	13.614890	13.614890
12.843638	12.685930	22.250990	1.350599	0.157708	217.663950	217.664000	7.275094	7.275095
13.497128	13.314790	16.791240	3.762711	0.182338	141.650590	141.650600	7.954490	7.954490
15.231364	15.219750	16.482000	12.486900	0.011614	242.398710	242.398700	8.956700	8.956700
13.466258	13.057710	16.718510	15.044840	0.408548	238.557940	238.557900	14.601210	14.601210
15.112867	15.072440	15.024140	11.775850	0.040427	149.722330	149.722300	15.380000	15.380000
12.757761	12.281470	16.613510	6.632597	0.476291	160.531420	160.531400	13.747000	13.747000
15.362656	15.354080	13.451280	21.080170	0.008576	213.670510	213.670500	13.378171	13.378170
14.263875	14.172970	14.350130	27.622540	0.090905	143.511330	143.511300	9.479210	9.479210
14.610379	14.573380	13.447090	27.115110	0.036999	159.149190	159.149200	5.910580	5.910580
14.852275	14.823380	16.840870	12.657170	0.028895	131.181040	131.181000	10.472030	10.472030
14.333777	14.267720	16.430300	22.740590	0.066057	159.088830	159.088800	13.711420	13.711420
15.373837	15.350610	14.861110	20.596070	0.023227	240.074260	240.074300	15.756570	15.756570
15.460887	15.436970	16.919650	9.512740	0.023917	208.930070	208.930100	5.781370	5.781370
15.543334	15.480250	18.271920	7.265417	0.063084	217.460690	217.460700	13.799658	13.799660
12.839215	12.453990	15.260390	19.790350	0.385225	209.050000	209.050000	5.014470	5.014470
15.384344	15.246580	16.947750	4.330608	0.137764	211.527040	211.527000	11.788836	11.788840
15.060257	15.015640	17.096440	11.914230	0.044617	119.907540	119.907500	13.433544	13.433540
15.488245	15.464540	19.694860	2.475636	0.023705	154.302990	154.303000	13.192050	13.192050
13.550116	13.514910	14.779010	14.190230	0.035206	175.077120	175.077100	9.009890	9.009890
13.296449	13.293700	16.517550	14.136350	0.002749	167.483080	167.483100	10.720830	10.720830
15.443184	15.410420	18.086430	4.616822	0.032764	235.816780	235.816800	9.723960	9.723960
15.266745	15.145660	16.939190	9.482533	0.121085	210.943430	210.943400	14.868105	14.868100
13.096653	13.039810	14.138630	23.924550	0.056843	166.633770	166.633800	11.385420	11.385420
15.207934	14.820780	17.073850	13.554650	0.387154	237.237960	237.238000	7.222310	7.222310
15.138125	14.681410	16.485370	8.092146	0.456715	235.300420	235.300400	15.573060	15.573060
15.100000	14.601260	18.009860	8.866650	0.498740	125.139300	125.139300	4.571680	4.571680
15.221133	15.181810	16.994270	7.327641	0.039323	118.434890	118.434900	13.337420	13.337420
15.071593	14.726500	14.659560	21.301700	0.345093	134.100390	134.100400	13.182280	13.182280
15.509660	14.877790	18.314700	6.617455	0.631870	240.974220	240.974200	14.634310	14.634310
15.605761	15.575620	16.015150	9.979568	0.030141	241.741460	241.741500	10.751170	10.751170
13.568626	13.512150	16.807150	14.995520	0.056476	220.741680	220.741700	4.889470	4.889470
15.226489	15.212050	12.881710	53.760000	0.014439	171.168030	171.168000	14.946510	14.946510
15.087031	15.037120	17.731410	3.737479	0.049911	125.515040	125.515000	8.752610	8.752610
14.512434	14.423690	17.637820	7.465706	0.088744	146.703960	146.704000	9.736130	9.736130
13.298759	12.827120	17.048940	6.396391	0.471639	165.009920	165.009900	14.841580	14.841580
14.717175	14.685240	17.336890	14.530240	0.031935	208.272630	208.272600	15.844550	15.844550
14.633167	14.499610	17.886930	11.919770	0.133557	145.962390	145.962400	9.656130	9.656130
15.172473	15.150330	17.376870	6.345248	0.022143	228.304560	228.304600	7.225510	7.225510
15.175291	15.034760	14.784540	10.636170	0.140531	152.654970	152.655000	5.150670	5.150670
13.446578	12.839640	13.946460	41.203360	0.606938	218.351410	218.351400	4.450460	4.450460
15.634927	15.502200	18.159420	4.438553	0.132727	246.807330	246.807300	12.979750	12.979750
15.661126	15.608670	17.337020	11.583420	0.052456	139.198330	139.198300	9.891330	9.891330
13.269330	13.099420	15.426480	11.084240	0.169910	208.743580	208.743600	5.333720	5.333720
15.748747	15.734420	16.929450	10.060300	0.014327	173.145400	173.145400	14.189230	14.189230
15.200000	14.941390	13.726130	32.848270	0.258610	125.071040	125.071000	4.703390	4.703390
14.953583	14.950670	14.799270	34.096650	0.002913	157.314540	157.314500	6.128080	6.128080
14.212225	14.121050	17.308130	4.259623	0.091175	217.989130	217.989100	6.250420	6.250420
15.248165	15.162610	16.167900	6.991598	0.085555	177.083820	177.083800	12.716570	12.716570
15.347735	14.865100	15.827290	5.286161	0.482635	211.223830	211.223800	12.721690	12.721690
14.894976	14.838400	18.410580	7.574849	0.056576	229.855350	229.855300	11.054538	11.054540
14.492323	14.455770	19.359680	2.298819	0.036553	240.548470	240.548500	7.086100	7.086100
15.396445	15.375680	17.543840	9.412255	0.020765	222.728980	222.729000	4.948916	4.948915
15.260333	15.161030	17.817290	4.442182	0.099303	149.263520	149.263500	15.578270	15.578270
15.477519	15.402540	23.346280	0.935485	0.074979	211.257590	211.257600	11.011880	11.011880
15.331752	15.309800	16.694990	3.132523	0.021952	210.647580	210.647600	14.535047	14.535050
13.585118	13.575560	18.918040	2.798749	0.009558	239.314340	239.314300	5.998380	5.998380
15.694936	15.625610	16.908680	11.722070	0.069326	241.841370	241.841400	10.366140	10.366140
14.508274	14.469690	22.711500	1.344279	0.038584	149.931220	149.931200	11.660750	11.660750
15.679852	15.672560	18.253620	11.075590	0.007292	215.347650	215.347700	11.270793	11.270790
14.719039	14.660460	13.657870	11.191970	0.058579	143.500540	143.500500	10.029530	10.029530
14.658778	14.598220	17.146510	4.292861	0.060558	157.444960	157.445000	13.018170	13.018170
15.912995	15.911350	16.346120	9.398146	0.001645	217.197610	217.197600	13.821200	13.821200
14.933067	14.883230	17.807890	8.167376	0.049837	233.915300	233.915300	12.606400	12.606400
15.359664	15.347020	16.518200	7.808546	0.012644	232.018080	232.018100	12.003380	12.003380
13.889762	13.419480	15.353670	17.424550	0.470282	145.547830	145.547800	4.673140	4.673140
13.721823	13.711500	17.650530	10.025470	0.010323	130.382760	130.382800	4.980340	4.980340
15.938825	15.907250	17.689190	5.213958	0.031575	211.426000	211.426000	12.241932	12.241930
14.906979	14.860720	14.410070	14.935120	0.046259	176.692830	176.692800	14.533060	14.533060
15.403345	15.165470	17.608490	8.794128	0.237875	122.769840	122.769800	6.298600	6.298600
15.443020	15.436220	14.167270	35.387030	0.006800	170.666630	170.666600	13.330530	13.330530
15.297320	15.275440	17.433210	9.620868	0.021880	146.372370	146.372400	9.602897	9.602897
15.432203	14.376620	17.546590	9.505237	1.055583	120.602950	120.603000	9.597140	9.597140
15.854037	15.852880	16.250970	16.454820	0.001157	246.147220	246.147200	11.471420	11.471420
15.559560	15.543870	15.132350	19.456840	0.015690	211.380040	211.380000	12.446530	12.446530
15.291110	15.257570	16.480620	14.328480	0.033540	169.161780	169.161800	15.727500	15.727500
15.752661	15.673650	15.211390	4.619313	0.079011	244.117140	244.117100	14.887378	14.887380
15.679585	15.527260	14.298770	18.014440	0.152325	120.732800	120.732800	15.485170	15.485170
15.792078	15.787120	17.957790	10.974260	0.004958	144.872210	144.872200	6.229250	6.229250
15.583728	15.582570	13.746750	37.227570	0.001158	118.843510	118.843500	15.094440	15.094440
15.312760	15.311730	19.810620	1.627175	0.001030	120.116620	120.116600	7.815810	7.815810
14.971416	14.766860	17.137070	10.227550	0.204556	146.344630	146.344600	9.767330	9.767330
15.284339	15.242530	17.809940	6.288280	0.041809	153.925460	153.925500	7.327860	7.327860
15.673240	15.637590	17.733520	3.657739	0.035650	210.218680	210.218700	6.486370	6.486370
15.863485	15.822420	14.859850	23.587010	0.041065	242.165080	242.165100	12.010580	12.010580
14.006742	13.910930	16.690930	15.058770	0.095812	222.177390	222.177400	12.457220	12.457220
16.008768	15.995970	18.224260	12.220210	0.012798	210.791050	210.791000	12.170402	12.170400
15.963109	15.845230	15.996300	15.206330	0.117879	209.144000	209.144000	10.191220	10.191220
15.451650	15.430810	17.894580	6.245217	0.020840	150.264030	150.264000	4.619270	4.619270
15.179233	15.162340	17.093720	8.307173	0.016893	141.314270	141.314300	10.886730	10.886730
16.015926	16.008960	15.148630	22.602850	0.006966	247.433780	247.433800	11.847120	11.847120
15.705759	15.666270	16.041290	24.173970	0.039489	120.545610	120.545600	9.361615	9.361615
15.109186	15.075270	16.039960	22.203720	0.033916	233.612250	233.612200	12.271000	12.271000
15.226418	15.195350	17.828890	8.678524	0.031068	137.343930	137.343900	15.613664	15.613660
15.691065	15.680750	17.380940	7.766198	0.010315	121.062710	121.062700	8.731970	8.731970
15.278900	15.263000	14.687540	23.817310	0.015900	154.563700	154.563700	7.038840	7.038840
15.092735	14.641650	17.926000	12.476490	0.451085	177.053330	177.053300	13.209376	13.209380
15.884583	15.883640	15.176220	4.416825	0.000943	232.629920	232.629900	14.710530	14.710530
11.682627	11.248540	16.264150	11.903570	0.434087	162.722000	162.722000	13.412130	13.412130
11.088606	10.716010	12.557070	23.712650	0.372596	169.733170	169.733200	13.092220	13.092220
15.675794	15.586870	13.254700	42.946550	0.088924	121.853410	121.853400	6.863209	6.863209
13.411503	13.048880	17.263210	13.125710	0.362623	160.912130	160.912100	14.871860	14.871860
15.718543	15.704220	16.836900	19.513310	0.014323	120.118980	120.119000	15.453100	15.453100
16.085934	16.064160	16.311900	18.435980	0.021774	214.328190	214.328200	12.585529	12.585530
15.484625	15.466870	17.267060	8.574246	0.017755	200.028830	200.028800	14.543260	14.543260
15.645989	15.254160	14.429170	14.459410	0.391829	125.683792	125.683800	8.218939	8.218940
15.609344	15.597270	16.578410	11.714140	0.012074	128.911610	128.911600	4.757030	4.757030
15.084824	15.040800	16.118270	6.036895	0.044024	155.952170	155.952200	12.629830	12.629830
14.561537	14.443260	14.839200	13.453310	0.118277	215.870840	215.870800	14.283182	14.283180
15.471736	15.418050	17.538980	6.349744	0.053686	146.629260	146.629300	15.886320	15.886320
13.597368	13.361220	15.125020	22.698170	0.236148	148.706520	148.706500	9.271090	9.271090
15.313168	15.257890	13.366030	25.972780	0.055278	198.090880	198.090900	12.173240	12.173240
13.824261	13.767200	12.845630	41.596640	0.057061	208.546940	208.546900	5.227440	5.227440
16.255379	16.150790	14.834020	28.851290	0.104589	241.350040	241.350000	7.078030	7.078030
15.269621	15.185510	17.013030	9.670014	0.084111	141.060700	141.060700	11.110600	11.110600
15.379299	15.358040	17.424930	7.280999	0.021259	163.802570	163.802600	5.862560	5.862560
16.134775	16.126240	17.223610	11.176570	0.008535	208.904150	208.904100	15.970670	15.970670
14.420602	14.393920	16.836240	8.171206	0.026682	234.715420	234.715400	12.080650	12.080650
12.763696	12.746840	14.291460	27.238550	0.016856	171.108620	171.108600	11.342220	11.342220
15.266368	15.223600	17.473970	10.029080	0.042768	177.183330	177.183300	14.052910	14.052910
15.909469	15.865340	16.902130	17.266000	0.044129	177.135200	177.135200	12.705293	12.705290
14.182482	14.088660	17.266740	13.733940	0.093822	125.966570	125.966600	14.751718	14.751720
11.996388	11.493290	18.106150	4.291124	0.503098	175.244820	175.244800	11.471141	11.471140
15.821476	15.809580	17.376620	10.648390	0.011896	139.731670	139.731700	14.304920	14.304920
16.359026	16.138480	14.198550	15.767270	0.220546	210.220190	210.220200	7.840053	7.840053
15.314744	15.267620	15.141090	17.762380	0.047124	176.748740	176.748700	13.873430	13.873430
16.112961	16.092650	15.568970	16.402680	0.020311	209.937870	209.937900	8.141178	8.141178
14.868541	14.607240	13.783190	52.597830	0.261301	168.302110	168.302100	5.196330	5.196330
15.049032	15.024810	16.026670	7.863128	0.024222	151.463300	151.463300	12.961300	12.961300
16.278181	16.247810	18.050070	4.554596	0.030371	146.035550	146.035600	11.254130	11.254130
16.025192	15.857010	16.931580	4.481937	0.168182	202.217540	202.217500	11.097000	11.097000
14.518112	14.447710	15.283040	14.663990	0.070402	174.969880	174.969900	8.874530	8.874530
11.272579	10.991820	17.408910	3.670237	0.280759	162.070360	162.070400	12.629270	12.629270
16.206755	16.010940	20.748700	1.784218	0.195815	210.129400	210.129400	8.649820	8.649820
15.195902	14.973370	16.603610	4.596815	0.222532	155.409370	155.409400	12.576123	12.576120
13.931455	13.377740	17.729180	2.945536	0.553715	217.076770	217.076800	13.780230	13.780230
14.501797	14.494100	16.297040	20.205420	0.007697	142.543040	142.543000	7.902750	7.902750
16.296186	16.282090	17.700830	8.551872	0.014096	242.737410	242.737400	10.016609	10.016610
16.032125	16.006640	16.114360	9.281932	0.025485	170.574650	170.574600	12.722530	12.722530
16.384979	16.374320	16.372870	2.929285	0.010659	246.352840	246.352800	11.713698	11.713700
14.521518	14.335580	14.462970	14.380880	0.185938	131.923720	131.923700	13.419120	13.419120
16.243927	16.242410	15.583330	16.313970	0.001517	240.625120	240.625100	5.671920	5.671920
15.450406	15.403260	17.370500	6.187665	0.047146	143.611030	143.611000	9.916440	9.916440
16.195570	16.185290	17.249430	6.933118	0.010280	120.699820	120.699800	7.431616	7.431616
15.865754	15.785720	17.235690	11.588690	0.080034	145.597350	145.597400	14.630060	14.630060
16.405294	16.376090	14.651830	36.596760	0.029204	241.326830	241.326800	15.166440	15.166440
16.039829	15.918650	18.031320	9.301829	0.121179	210.500540	210.500500	10.830610	10.830610
15.393715	15.369700	16.865570	4.165450	0.024015	159.347330	159.347300	12.156560	12.156560
16.051912	16.026830	14.441510	12.148230	0.025082	120.865180	120.865200	9.709965	9.709965
15.932443	15.899950	19.856000	2.410348	0.032493	147.865710	147.865700	7.263690	7.263690
16.127228	16.101270	15.388700	16.525820	0.025958	120.248370	120.248400	15.624780	15.624780
15.473241	15.466260	16.106550	7.941852	0.006981	176.516880	176.516900	11.581310	11.581310
15.694612	15.623470	16.535220	9.846575	0.071142	225.057070	225.057100	9.937760	9.937760
16.298075	16.236330	17.774140	9.653984	0.061745	237.756610	237.756600	10.030560	10.030560
16.471174	16.300530	16.812990	13.456190	0.170644	239.335690	239.335700	15.791063	15.791060
14.083593	13.997580	17.914930	3.131599	0.086013	242.071960	242.072000	7.538500	7.538500
16.361279	16.345450	15.388490	14.614880	0.015829	120.418030	120.418000	15.644755	15.644760
14.047034	13.911110	17.603040	9.034485	0.135924	156.471190	156.471200	14.363159	14.363160
16.078304	15.999760	14.592130	17.547370	0.078544	134.016590	134.016600	13.422027	13.422030
16.076305	16.059520	15.683460	16.588590	0.016785	125.508210	125.508200	4.392730	4.392730
13.988318	13.380100	13.578290	31.965760	0.608218	147.527500	147.527500	12.813640	12.813640
15.660591	15.624420	17.412020	4.303208	0.036171	140.137140	140.137100	10.600310	10.600310
16.304117	16.271680	14.682850	34.474740	0.032437	120.158580	120.158600	13.656393	13.656390
16.678799	16.653180	17.990980	7.609348	0.025619	241.110260	241.110300	14.757070	14.757070
14.379524	14.297080	16.490720	13.396380	0.082444	166.763960	166.764000	12.060060	12.060060
16.272215	16.216160	13.628300	14.287930	0.056055	210.901080	210.901100	15.273424	15.273420
16.488810	16.488790	16.688220	6.911752	0.000020	209.981370	209.981400	7.747268	7.747268
16.739441	16.660940	15.852640	11.294030	0.078501	177.883330	177.883300	4.852500	4.852500
16.202833	16.197250	14.551980	36.405460	0.005583	120.550300	120.550300	10.542811	10.542810
16.111372	16.041660	17.878230	3.041615	0.069712	131.134790	131.134800	9.165910	9.165910
16.302565	16.297800	14.222800	27.405100	0.004765	149.251500	149.251500	15.555658	15.555660
16.296301	16.295300	16.616010	20.909900	0.001001	225.570090	225.570100	6.344870	6.344870
15.995206	15.980660	17.525520	8.219752	0.014546	174.981270	174.981300	13.467230	13.467230
16.654980	16.639510	16.872440	7.540809	0.015470	138.896040	138.896000	10.467530	10.467530
16.771860	16.717270	15.146230	28.203950	0.054590	211.136670	211.136700	11.189810	11.189810
15.721748	15.675880	16.032480	7.500882	0.045868	141.452070	141.452100	11.454230	11.454230
16.006325	16.003710	16.494680	8.737052	0.002615	147.269540	147.269500	13.880750	13.880750
15.234039	15.186100	17.800780	9.483909	0.047939	143.513040	143.513000	11.005800	11.005800
16.002729	15.987550	18.390570	8.360623	0.015179	137.773220	137.773200	9.349560	9.349560
16.384510	16.293950	14.565150	11.438320	0.090560	237.963120	237.963100	5.973670	5.973670
13.954785	13.704030	16.143910	15.409380	0.250755	160.701880	160.701900	13.459830	13.459830
14.600000	14.549320	15.139800	25.255490	0.050680	167.867780	167.867800	6.907500	6.907500
14.833429	14.807370	17.507640	7.756163	0.026059	131.666520	131.666500	13.213690	13.213690
16.708433	16.653180	14.786770	8.332006	0.055253	139.909570	139.909600	13.853431	13.853430
14.977445	14.799240	15.085360	37.383570	0.178205	138.107780	138.107800	9.955500	9.955500
16.919022	16.900130	15.989940	8.853454	0.018892	211.714670	211.714700	13.805940	13.805940
16.971355	16.898120	17.154710	9.543842	0.073235	210.776850	210.776900	8.241830	8.241830
16.707659	16.703680	14.983460	17.413970	0.003979	232.236570	232.236600	13.213389	13.213390
16.205828	16.149300	15.689950	23.101150	0.056528	157.103050	157.103000	6.238580	6.238580
16.866638	16.849240	16.018910	8.098835	0.017398	241.142090	241.142100	10.951197	10.951200
16.194485	16.171790	13.164720	25.537650	0.022695	125.556550	125.556500	4.197700	4.197700
16.560591	16.551100	21.074760	1.375932	0.009491	210.624250	210.624300	10.708100	10.708100
16.817087	16.758910	18.135550	4.346364	0.058177	213.671570	213.671600	15.512802	15.512800
16.315348	16.237560	14.681450	25.816040	0.077788	120.201610	120.201600	10.083603	10.083600
15.033494	14.777260	18.189070	11.807360	0.256234	130.700890	130.700900	14.265250	14.265250
16.153334	16.139470	14.315610	42.828460	0.013864	198.072720	198.072700	12.868350	12.868350
16.898777	16.218960	16.336670	7.486470	0.679817	246.295350	246.295300	11.880133	11.880130
15.383106	15.330840	17.118010	9.528787	0.052266	217.968670	217.968700	8.933000	8.933000
16.931814	16.769660	16.089050	24.755230	0.162154	240.971650	240.971600	14.510548	14.510550
16.827662	16.810550	14.498320	51.026150	0.017112	242.066990	242.067000	10.108685	10.108680
16.905466	16.881670	17.183700	5.923190	0.023796	234.558440	234.558400	7.461863	7.461863
16.895786	16.893900	17.844830	6.544114	0.001886	152.847660	152.847700	13.778250	13.778250
16.754919	16.656980	16.825940	21.940720	0.097939	116.847242	116.847200	8.833179	8.833179
15.752295	15.572060	16.819250	6.309600	0.180235	161.974710	161.974700	10.897810	10.897810
16.597506	16.590570	17.745270	6.870288	0.006936	120.393370	120.393400	12.084305	12.084300
16.804108	16.797390	14.776150	26.154150	0.006718	150.271490	150.271500	14.947636	14.947640
17.076649	17.027210	16.620880	12.690530	0.049439	211.416880	211.416900	13.375000	13.375000
16.447172	16.447120	16.825840	4.151579	0.000052	131.091240	131.091200	9.537280	9.537280
16.693287	16.643740	18.344360	5.698125	0.049547	119.753368	119.753400	7.293903	7.293903
15.249650	14.993320	16.981590	13.992140	0.256330	231.523230	231.523200	9.204145	9.204145
15.544415	15.450650	17.850850	4.353300	0.093765	217.934040	217.934000	6.158140	6.158140
16.629234	16.544880	17.588290	8.906672	0.084354	121.732060	121.732100	6.554150	6.554150
16.909727	16.884760	17.520530	7.977194	0.024967	138.783460	138.783500	11.764087	11.764090
16.880199	16.860380	16.089830	10.072290	0.019819	240.676240	240.676200	15.236851	15.236850
16.503447	16.493890	17.898040	3.237006	0.009557	130.896360	130.896400	13.062973	13.062970
16.176043	16.146500	21.307180	1.103247	0.029543	240.968570	240.968600	8.342560	8.342560
17.009378	17.006330	18.018380	6.144559	0.003048	216.589240	216.589200	10.163340	10.163340
16.726013	16.707100	16.361600	6.702182	0.018913	214.053151	214.053100	13.454945	13.454950
16.718906	16.700810	16.207980	18.192740	0.018096	120.393700	120.393700	9.304851	9.304852
16.292318	16.249660	20.708050	1.706379	0.042658	176.479550	176.479600	13.516190	13.516190
16.424719	16.399290	17.773170	13.816660	0.025429	165.154670	165.154700	4.065310	4.065310
16.980185	16.979000	17.187460	6.047812	0.001185	140.457500	140.457500	9.538030	9.538030
16.002827	15.943140	13.771710	37.852820	0.059687	231.053530	231.053500	11.693884	11.693880
16.977486	16.955140	17.026950	14.965920	0.022346	211.372330	211.372300	11.585440	11.585440
15.902765	15.888350	15.576930	23.695980	0.014415	147.918750	147.918700	14.037780	14.037780
16.799944	16.729300	17.760100	6.246000	0.070644	121.407040	121.407000	6.993170	6.993170
14.967432	14.863560	16.691810	3.526839	0.103872	170.577330	170.577300	13.065050	13.065050
16.689867	15.913790	16.117270	13.911710	0.776077	198.296180	198.296200	9.679600	9.679600
16.772207	16.769520	16.026720	8.037795	0.002687	175.505233	175.505200	13.698738	13.698740
16.653511	16.570580	16.851850	12.010560	0.082931	208.014050	208.014100	7.620870	7.620870
16.298321	16.077670	15.417320	10.506660	0.220651	173.381120	173.381100	12.137320	12.137320
15.258012	14.955710	17.134800	10.041750	0.302302	130.646210	130.646200	10.585110	10.585110
17.129957	17.111120	17.240670	10.437970	0.018837	138.829120	138.829100	10.650320	10.650320
17.264154	16.819610	18.139930	8.635308	0.444544	213.842580	213.842600	14.250360	14.250360
17.280788	17.276430	15.495560	25.595120	0.004358	216.933640	216.933600	13.441846	13.441850
16.355560	16.353610	15.912850	16.228630	0.001950	141.316180	141.316200	11.596890	11.596890
17.121990	17.007870	17.489260	4.826030	0.114120	145.474580	145.474600	11.654530	11.654530
16.621395	16.618350	17.911670	8.726283	0.003045	230.232040	230.232000	10.491670	10.491670
16.740759	16.731020	16.922600	14.547980	0.009739	210.823990	210.824000	10.061210	10.061210
17.234997	17.234740	16.276520	9.994676	0.000257	211.375120	211.375100	13.044390	13.044390
16.994101	16.908940	17.705080	4.834566	0.085161	241.079660	241.079700	14.759983	14.759980
15.746149	15.692060	15.844100	11.429750	0.054089	179.010290	179.010300	6.677940	6.677940
17.081842	17.079690	14.977480	4.933156	0.002152	211.203560	211.203600	11.698593	11.698590
17.080124	17.036010	14.785460	35.533230	0.044114	211.838845	211.838900	12.719669	12.719670
16.734543	16.725850	13.847090	21.845050	0.008693	132.484430	132.484400	10.719072	10.719070
17.212749	17.065130	16.767210	17.263430	0.147619	209.097570	209.097600	10.103817	10.103820
17.108574	17.090110	15.338910	7.919094	0.018464	134.642400	134.642400	13.928279	13.928280
17.223833	16.745010	17.481600	6.384117	0.478823	209.318980	209.319000	15.882098	15.882100
16.402147	16.049520	17.937520	7.212206	0.352627	134.624350	134.624300	6.321260	6.321260
15.441224	14.968830	18.084060	8.548343	0.472394	235.849870	235.849900	14.435810	14.435810
17.248831	17.240930	17.274500	3.088197	0.007901	238.186120	238.186100	8.364540	8.364540
17.208105	17.172920	15.247940	17.509810	0.035185	146.950670	146.950700	10.870050	10.870050
17.349951	17.326270	15.911640	4.476849	0.023681	241.245170	241.245200	8.453690	8.453690
17.208059	17.166350	15.049050	15.791910	0.041709	138.872270	138.872300	11.773761	11.773760
16.209814	16.200640	21.104350	1.384111	0.009174	146.080780	146.080800	9.984620	9.984620
16.907520	16.907510	16.992840	4.996609	0.000010	125.608030	125.608000	4.163250	4.163250
17.145115	16.911860	16.060590	10.740100	0.233255	204.552500	204.552500	15.863190	15.863190
14.369357	14.319560	14.937520	28.164830	0.049797	171.472800	171.472800	9.987490	9.987490
14.702000	14.602440	17.396700	6.165028	0.099560	211.066010	211.066000	4.112190	4.112190
15.388764	15.263270	17.590290	5.329610	0.125494	143.781150	143.781100	5.120070	5.120070
16.965775	16.961460	16.567330	14.577640	0.004315	224.362170	224.362200	8.954702	8.954701
14.403465	14.338090	16.233270	10.346050	0.065375	159.533320	159.533300	10.380860	10.380860
16.463478	16.436570	14.252470	34.445010	0.026908	172.301770	172.301800	11.865500	11.865500
17.434258	17.428900	16.872850	13.796150	0.005358	172.681210	172.681200	6.883490	6.883490
16.590786	16.458230	17.529800	4.781535	0.132556	234.194000	234.194000	7.833580	7.833580
17.336687	17.315570	16.774610	5.882492	0.021117	243.297640	243.297600	9.831116	9.831116
17.354218	17.323410	17.560960	5.842699	0.030808	239.853350	239.853300	10.461566	10.461570
16.628721	16.586240	14.985460	21.892430	0.042481	139.954170	139.954200	4.484690	4.484690
17.053493	16.979190	15.677710	8.715145	0.074303	120.591410	120.591400	10.151851	10.151850
17.135143	17.106580	15.227960	5.903922	0.028563	235.692060	235.692100	12.060367	12.060370
17.094107	17.088580	15.945820	12.941100	0.005527	118.817210	118.817200	15.060030	15.060030
16.942207	16.940780	17.668830	4.174229	0.001427	131.695740	131.695700	13.163999	13.164000
17.323826	17.293860	16.691790	8.961715	0.029966	138.307080	138.307100	11.771323	11.771320
16.781324	16.716520	16.836410	2.933700	0.064804	234.726200	234.726200	8.593711	8.593712
15.500000	15.459020	16.932970	7.970073	0.040980	230.753750	230.753800	4.529440	4.529440
17.282118	17.257130	14.935130	11.633360	0.024988	155.819310	155.819300	9.225040	9.225040
14.532427	14.334540	17.711900	4.229845	0.197887	153.495460	153.495500	7.024000	7.024000
16.966337	16.956310	15.517250	13.471540	0.010027	120.442390	120.442400	9.953597	9.953597
17.292961	17.254660	14.009830	30.126620	0.038301	120.304280	120.304300	11.623539	11.623540
17.454607	17.392740	18.101260	5.919930	0.061867	213.959840	213.959800	10.961308	10.961310
16.912746	16.870090	17.610370	4.947724	0.042656	120.527290	120.527300	9.377318	9.377317
17.254635	17.239580	16.555970	21.799460	0.015055	120.696430	120.696400	13.758650	13.758650
17.119625	17.109180	17.697080	3.614810	0.010445	120.416790	120.416800	8.589649	8.589648
15.921809	15.793740	17.232930	17.768760	0.128069	169.536370	169.536400	4.616110	4.616110
17.493853	17.490500	17.238830	12.606200	0.003353	213.347920	213.347900	13.078890	13.078890
16.930853	16.924320	16.351030	9.894099	0.006533	236.612950	236.612900	8.656910	8.656910
17.281425	16.924580	17.788150	3.662397	0.356845	237.511563	237.511600	12.491748	12.491750
17.505747	17.377810	16.593770	16.198460	0.127937	245.945000	245.945000	11.739800	11.739800
17.406141	17.400550	13.932610	35.270190	0.005591	144.046520	144.046500	7.991900	7.991900
17.270617	17.270540	13.509460	61.392870	0.000077	119.375250	119.375300	15.699570	15.699570
16.057549	15.992290	16.502530	16.404910	0.065259	151.545080	151.545100	11.100580	11.100580
16.446981	16.441770	18.228130	5.829774	0.005211	175.942160	175.942200	13.707570	13.707570
17.355639	17.281360	16.162210	16.615740	0.074279	211.444610	211.444600	7.697912	7.697912
17.545471	17.540740	18.301240	5.542869	0.004731	215.503920	215.503900	11.380560	11.380560
17.543083	17.535380	16.176390	13.894220	0.007703	173.660880	173.660900	15.621640	15.621640
17.273550	17.266620	17.879760	7.271466	0.006930	221.984330	221.984300	5.405970	5.405970
16.239883	16.228400	15.205210	18.803980	0.011483	148.146300	148.146300	8.199060	8.199060
16.489206	16.485310	14.306810	28.939570	0.003896	143.642240	143.642200	13.005742	13.005740
16.435621	16.266520	19.655040	1.392590	0.169101	146.585170	146.585200	5.691840	5.691840
17.516317	17.515840	16.241620	3.780049	0.000477	135.595440	135.595400	12.998105	12.998110
17.291021	16.919190	14.617700	11.666960	0.371831	201.889870	201.889900	11.730170	11.730170
17.108088	17.065240	16.854110	7.849841	0.042848	117.305929	117.305900	12.764134	12.764130
17.653322	17.401180	15.667610	13.476070	0.252142	245.223230	245.223200	10.563788	10.563790
17.223793	17.222810	18.102750	6.747249	0.000983	120.619950	120.619900	8.220708	8.220708
17.357191	17.267330	18.198540	4.896286	0.089861	120.582910	120.582900	11.627941	11.627940
17.488813	17.457060	15.027920	8.877437	0.031753	217.312460	217.312500	5.985390	5.985390
17.707060	17.702050	17.515970	2.380396	0.005010	177.178060	177.178100	8.046490	8.046490
17.431665	17.420910	19.860450	1.828966	0.010755	120.135100	120.135100	12.053155	12.053150
17.120000	16.832350	18.064200	8.200263	0.287650	125.088680	125.088700	4.572380	4.572380
17.381405	17.379280	13.666060	17.101230	0.002125	213.330550	213.330600	14.011760	14.011760
17.013853	16.976840	14.829980	19.744480	0.037013	147.163790	147.163800	11.769470	11.769470
16.546688	16.512090	13.677540	15.354630	0.034598	241.712560	241.712600	8.157970	8.157970
17.527084	17.493310	17.116570	5.914371	0.033774	205.507510	205.507500	14.709370	14.709370
17.777290	17.631250	14.553250	13.076880	0.146040	245.387630	245.387600	9.997857	9.997857
17.625431	17.560190	16.107990	5.246944	0.065241	236.414260	236.414300	9.748503	9.748504
16.980284	16.949340	16.328540	11.519130	0.030944	137.286300	137.286300	14.642831	14.642830
15.327148	15.281800	15.416510	9.727261	0.045348	218.086650	218.086700	9.933525	9.933525
16.277220	15.767740	17.844180	8.407340	0.509480	218.034180	218.034200	6.189750	6.189750
16.743902	16.676300	16.956810	6.703268	0.067602	176.996000	176.996000	10.140500	10.140500
17.477676	17.350090	15.704900	17.472500	0.127586	119.614760	119.614800	11.027424	11.027420
17.744324	17.725370	16.466960	6.072723	0.018954	212.084460	212.084500	11.608580	11.608580
17.757624	17.736080	14.078580	20.983290	0.021544	209.542040	209.542000	6.491690	6.491690
17.686195	17.558070	17.469650	15.296280	0.128125	219.321710	219.321700	8.038280	8.038280
17.285688	17.264330	15.887070	11.197060	0.021358	198.768540	198.768500	7.163432	7.163433
17.608179	17.517900	14.655220	25.775510	0.090279	241.110540	241.110500	14.722185	14.722190
17.142025	17.103480	17.625110	10.161590	0.038545	133.958230	133.958200	13.158306	13.158310
17.394978	17.391780	15.480820	7.623382	0.003198	121.636630	121.636600	10.130069	10.130070
15.964130	15.943030	16.642020	10.455090	0.021100	131.697050	131.697100	13.706800	13.706800
17.458076	17.392930	14.785700	19.260770	0.065146	117.591460	117.591500	11.805576	11.805580
16.785982	16.643010	15.044670	11.728060	0.142972	145.757788	145.757800	9.252591	9.252590
15.712994	15.697300	16.162170	10.308790	0.015694	224.657720	224.657700	6.775158	6.775158
16.016579	15.990420	16.399940	7.792598	0.026159	157.200300	157.200300	4.234750	4.234750
16.995340	16.976510	15.067220	72.577740	0.018830	225.976340	225.976300	5.977042	5.977042
15.377075	15.055910	17.435380	6.327615	0.321165	217.045230	217.045200	13.551591	13.551590
17.465483	17.341290	18.015330	4.203266	0.124193	130.190380	130.190400	13.706766	13.706770
17.378469	17.331820	12.351550	53.935520	0.046649	211.438040	211.438000	13.790920	13.790920
17.025248	16.828200	16.677690	6.435104	0.197048	243.714550	243.714600	9.673321	9.673321
15.400835	15.255680	15.920240	12.447240	0.145155	203.657460	203.657500	8.793610	8.793610
17.601933	17.592120	17.681700	9.632785	0.009813	213.300210	213.300200	13.975890	13.975890
17.722649	17.618040	19.534940	2.231283	0.104609	239.465000	239.465000	15.844434	15.844430
17.854267	17.826800	12.493810	22.045760	0.027467	206.344000	206.344000	11.369720	11.369720
16.489660	16.482720	14.264140	29.644070	0.006940	178.275370	178.275400	6.153970	6.153970
17.950413	17.936120	16.917700	15.719430	0.014293	208.581340	208.581300	5.754522	5.754522
17.882063	17.860830	18.087340	6.376417	0.021233	212.927340	212.927300	14.671541	14.671540
17.978804	17.795570	17.726800	8.097869	0.183234	217.682080	217.682100	13.952403	13.952400
17.144882	17.142780	14.334130	18.193480	0.002102	199.149080	199.149100	12.152400	12.152400
15.487843	15.321760	18.404780	7.308476	0.166083	236.540520	236.540500	6.898470	6.898470
17.861031	17.749920	17.698020	7.108511	0.111111	174.053830	174.053800	15.733140	15.733140
17.776085	17.748880	16.481500	27.996580	0.027205	135.657120	135.657100	13.073259	13.073260
16.568184	16.560990	16.614270	16.071380	0.007194	162.487510	162.487500	8.720012	8.720012
15.657510	15.541010	14.883760	32.878430	0.116500	209.231580	209.231600	5.151880	5.151880
17.143724	17.140230	18.182720	4.424489	0.003494	160.271210	160.271200	6.414890	6.414890
17.644049	17.627740	15.248230	13.363520	0.016309	120.919630	120.919600	15.657498	15.657500
17.752058	15.382610	17.930940	8.478638	2.369448	120.361560	120.361600	15.749900	15.749900
17.087317	17.080670	17.572700	7.988337	0.006647	233.003500	233.003500	8.633170	8.633170
17.461298	17.438840	20.619290	2.106239	0.022458	125.901200	125.901200	4.247260	4.247260
16.053509	15.887650	16.910210	11.156280	0.165859	162.249080	162.249100	10.835420	10.835420
16.828037	16.801450	14.767670	25.954970	0.026587	153.112600	153.112600	12.343750	12.343750
17.164892	17.077380	14.897860	24.193420	0.087512	163.379890	163.379900	7.461890	7.461890
17.950417	17.948910	21.363560	1.529592	0.001507	233.186900	233.186900	6.510828	6.510828
17.729025	17.709280	15.037010	11.299950	0.019745	209.581170	209.581200	6.256827	6.256827
16.940287	16.658110	14.422930	14.309540	0.282177	147.003300	147.003300	9.970960	9.970960
15.006741	14.962090	16.507330	16.321170	0.044651	209.110900	209.110900	4.396670	4.396670
17.174686	17.168390	14.017750	21.489450	0.006296	174.517420	174.517400	13.200000	13.200000
17.953747	17.953660	17.743370	6.070880	0.000087	202.987240	202.987200	13.517110	13.517110
16.885736	16.768940	15.795200	21.491270	0.116796	159.053300	159.053300	13.449540	13.449540
17.476204	17.472790	16.690270	16.938870	0.003414	119.836856	119.836900	7.733471	7.733471
16.769653	16.745810	14.795590	29.213180	0.023843	147.676510	147.676500	8.731560	8.731560
17.107225	16.745690	15.320430	8.708558	0.361535	235.065950	235.065900	14.808350	14.808350
17.366497	17.356810	14.938500	12.462170	0.009687	175.239510	175.239500	13.145080	13.145080
17.669205	17.582250	13.791030	31.150730	0.086955	135.987305	135.987300	14.577671	14.577670
17.841875	17.816180	14.431760	10.255150	0.025695	134.114400	134.114400	15.392121	15.392120
18.067474	17.985890	17.989790	7.802224	0.081584	146.555920	146.555900	8.934920	8.934920
17.325365	17.321070	16.026560	16.404300	0.004295	180.391610	180.391600	4.466490	4.466490
17.578785	17.569130	21.251170	1.392986	0.009655	150.016420	150.016400	4.812520	4.812520
14.474001	14.171760	13.275570	25.606580	0.302241	199.217960	199.218000	12.548220	12.548220
18.170643	18.168520	16.933460	13.216300	0.002123	218.880552	218.880600	15.539179	15.539180
18.076040	18.060450	16.680170	19.522890	0.015590	243.636060	243.636100	10.346002	10.346000
17.762199	17.182000	15.994060	3.400719	0.580199	121.643270	121.643300	12.666973	12.666970
18.060997	18.041440	18.027510	3.780128	0.019557	212.763830	212.763800	10.556440	10.556440
17.835299	17.807770	16.787710	12.668620	0.027529	122.057460	122.057500	6.808440	6.808440
18.006773	17.991270	14.811300	8.826631	0.015503	235.322070	235.322100	10.422056	10.422060
17.605722	17.483820	19.131200	2.969599	0.121902	150.071310	150.071300	4.888760	4.888760
18.048122	18.007100	16.352780	11.450510	0.041022	213.322330	213.322300	15.492186	15.492190
18.162426	18.094720	14.303150	14.648660	0.067706	154.323210	154.323200	12.664170	12.664170
16.642069	16.627280	17.494730	9.901469	0.014789	120.195910	120.195900	8.638900	8.638900
18.017691	17.961820	14.578230	14.985310	0.055871	120.640330	120.640300	9.389835	9.389835
18.197771	17.736940	15.092180	24.613180	0.460831	239.309920	239.309900	13.508837	13.508840
17.425289	17.024620	18.806640	8.558589	0.400669	139.731350	139.731400	13.820147	13.820150
17.533907	17.525960	17.237470	9.892649	0.007947	243.672200	243.672200	10.855259	10.855260
18.245462	18.228340	22.033220	1.463664	0.017122	211.156330	211.156300	13.214280	13.214280
12.553391	12.162900	14.986560	28.772810	0.390491	168.654150	168.654100	12.817670	12.817670
15.982820	15.868470	17.967410	4.294556	0.114350	232.912790	232.912800	15.592470	15.592470
16.511929	16.485070	12.534110	54.219490	0.026859	119.551830	119.551800	11.020600	11.020600
18.330889	18.324580	14.044460	18.832210	0.006309	210.563550	210.563600	8.006394	8.006394
17.596287	17.573870	15.392020	25.114390	0.022417	146.416900	146.416900	7.012620	7.012620
16.319004	16.270360	22.343280	1.265957	0.048644	219.170590	219.170600	11.576880	11.576880
18.286339	18.278620	18.166430	14.972410	0.007719	242.873260	242.873300	10.019388	10.019390
18.154768	18.152910	20.612160	2.969610	0.001858	140.415880	140.415900	9.158770	9.158770
16.058815	16.021500	16.502270	7.611079	0.037315	168.480026	168.480000	4.105227	4.105227
17.890097	17.858740	15.708780	27.103300	0.031357	119.771940	119.771900	12.419795	12.419800
17.493391	17.471820	13.923720	28.119280	0.021571	198.251050	198.251100	12.613590	12.613590
18.065651	17.760760	17.858550	15.289680	0.304891	237.873220	237.873200	11.872712	11.872710
16.740255	16.725970	18.042450	7.278424	0.014285	218.220100	218.220100	5.999060	5.999060
17.892416	17.799460	22.254690	1.139095	0.092956	177.074550	177.074600	12.725880	12.725880
17.667339	17.617470	15.160370	39.773720	0.049869	146.339140	146.339100	14.579940	14.579940
17.674034	17.652950	13.789450	34.536210	0.021084	120.491970	120.492000	9.390061	9.390060
18.342855	18.281780	18.219100	4.884186	0.061075	150.060830	150.060800	9.617360	9.617360
17.753736	17.743520	25.114380	2.970733	0.010216	210.651840	210.651800	9.941289	9.941289
17.384245	17.363870	16.604240	11.523980	0.020375	143.032330	143.032300	10.237060	10.237060
17.785128	17.776700	17.417320	8.809663	0.008428	148.902650	148.902600	6.819640	6.819640
12.395645	12.387120	14.702770	104.596800	0.008525	193.953960	193.954000	4.304110	4.304110
18.162424	18.131900	16.591900	22.507370	0.030524	143.200480	143.200500	12.279373	12.279370
18.041922	17.965180	17.880400	9.500581	0.076742	120.759630	120.759600	15.318030	15.318030
17.709333	17.680890	21.776370	1.564660	0.028443	149.351750	149.351700	15.117109	15.117110
17.528805	17.528630	18.217380	7.990468	0.000175	166.725870	166.725900	7.781630	7.781630
18.284605	18.280230	17.160310	7.330805	0.004375	212.102570	212.102600	13.998422	13.998420
18.056709	18.052950	17.090460	10.633280	0.003759	120.643840	120.643800	9.671571	9.671572
17.559124	17.500030	16.619730	17.955390	0.059094	232.540540	232.540500	9.680830	9.680830
17.297405	17.269720	18.162410	13.327600	0.027685	176.474030	176.474000	9.899780	9.899780
16.376328	16.117800	16.946130	17.080240	0.258528	219.801830	219.801800	9.134940	9.134940
17.851570	17.812030	14.725700	15.471260	0.039540	139.232100	139.232100	14.713848	14.713850
16.909698	16.823220	14.004960	26.503040	0.086478	156.155300	156.155300	11.908060	11.908060
18.385042	18.330880	17.625070	17.118070	0.054162	245.643314	245.643300	11.905064	11.905060
18.456429	18.451050	21.956100	1.613225	0.005379	211.976999	211.977000	5.012362	5.012362
18.267408	18.216000	17.821570	11.865040	0.051408	237.717893	237.717900	11.216545	11.216550
16.426733	16.425670	15.647020	9.133923	0.001063	148.907320	148.907300	4.476750	4.476750
18.403013	18.293870	17.215060	7.501016	0.109143	211.783713	211.783700	12.360174	12.360170
17.488499	17.467520	16.738330	11.934820	0.020979	144.358710	144.358700	8.689280	8.689280
18.233637	18.157880	16.862370	10.286010	0.075757	138.332850	138.332900	12.535272	12.535270
17.000000	14.084650	22.317860	2.052594	2.915350	236.832083	236.832100	14.098611	14.098610
18.015766	17.974490	21.238980	1.085245	0.041276	119.986540	119.986500	13.842530	13.842530
17.846186	17.771100	18.177960	9.206864	0.075086	131.034326	131.034300	10.934621	10.934620
15.604424	15.159580	15.258560	22.731110	0.444844	216.101350	216.101300	8.276140	8.276140
18.338869	16.840760	16.033650	10.181430	1.498109	241.435720	241.435700	8.845530	8.845530
17.685640	17.502630	13.244390	12.344370	0.183010	137.336820	137.336800	15.796496	15.796500
18.285475	18.284630	13.802240	29.367900	0.000845	237.774540	237.774500	12.672028	12.672030
16.090994	16.081400	14.345770	14.107880	0.009594	153.204950	153.205000	7.103800	7.103800
18.263102	18.248590	11.982750	75.808530	0.014512	120.547090	120.547100	12.243540	12.243540
17.785120	17.754030	20.974680	1.547860	0.031090	218.389750	218.389800	12.783690	12.783690
13.800813	13.598220	20.483020	2.997416	0.202593	208.360630	208.360600	5.207760	5.207760
15.952826	15.946420	21.208780	1.354211	0.006406	207.928790	207.928800	5.446520	5.446520
18.289574	18.216350	18.723230	2.970414	0.073224	120.729070	120.729100	8.396014	8.396014
18.180944	18.123850	15.051500	18.857070	0.057094	222.369373	222.369400	13.631019	13.631020
18.155130	18.123380	16.617310	10.705470	0.031750	177.056250	177.056200	12.655330	12.655330
17.901501	17.899010	17.992220	9.785759	0.002491	140.443450	140.443500	4.964320	4.964320
18.300632	18.299700	24.301700	2.969440	0.000932	208.245955	208.246000	5.118616	5.118616
17.542778	17.291960	21.929440	1.137798	0.250818	145.276707	145.276700	8.921694	8.921695
18.115555	18.043700	12.866370	15.439820	0.071855	199.372000	199.372000	4.059700	4.059700
17.317686	17.247010	10.760480	23.107530	0.070676	170.347620	170.347600	6.667110	6.667110
15.649658	15.335120	10.736540	22.450250	0.314538	163.427890	163.427900	9.727930	9.727930
17.824553	17.813960	17.972240	14.617220	0.010593	166.946010	166.946000	15.058740	15.058740
17.974615	17.197980	20.027470	2.509535	0.776635	131.119530	131.119500	9.348330	9.348330
17.959528	17.925430	14.803220	32.345780	0.034098	136.867350	136.867400	15.426286	15.426290
17.683838	17.320540	18.776100	11.157750	0.363298	233.924162	233.924200	13.217707	13.217710
18.433949	18.399940	17.774840	7.649977	0.034009	120.448740	120.448700	9.605455	9.605455
18.564758	18.530490	17.609240	3.499725	0.034268	143.965958	143.966000	9.538242	9.538242
18.471365	18.457530	13.475670	22.564010	0.013835	144.456278	144.456300	12.971389	12.971390
18.074709	18.054760	15.144190	22.676280	0.019949	135.750270	135.750300	5.806560	5.806560
18.092430	17.834970	12.973640	30.605840	0.257460	158.661620	158.661600	7.031580	7.031580
18.063438	17.621210	16.065330	18.641260	0.442228	197.218052	197.218000	5.996972	5.996972
17.849020	17.834120	16.520740	16.522970	0.014900	177.417080	177.417100	12.393970	12.393970
18.094254	18.080300	10.978070	55.420910	0.013954	235.797820	235.797800	15.414750	15.414750
17.760963	17.731230	18.187440	9.130084	0.029733	142.951670	142.951700	10.408250	10.408250
18.377628	18.374290	17.823910	16.820260	0.003338	237.879210	237.879200	4.199494	4.199493
18.213810	18.209440	22.528310	1.342994	0.004370	237.360390	237.360400	5.571223	5.571223
17.701054	17.640130	19.266210	2.969923	0.060924	130.652430	130.652400	10.553878	10.553880
18.523540	18.042290	17.878530	8.309265	0.481250	149.052920	149.052900	15.610280	15.610280
16.677675	16.625000	13.471760	30.571960	0.052675	179.753110	179.753100	4.669640	4.669640
18.326309	18.282890	15.865490	12.152870	0.043419	120.418260	120.418300	8.789202	8.789202
18.855173	18.601290	17.917280	10.411810	0.253883	237.895876	237.895900	8.031250	8.031249
18.923182	18.860450	14.468260	26.004150	0.062732	177.249883	177.249900	7.532834	7.532835
16.433859	16.307390	20.623120	1.057939	0.126469	204.182620	204.182600	8.546880	8.546880
17.262745	17.234290	16.773140	22.418620	0.028455	143.473170	143.473200	9.204670	9.204670
17.957373	17.945660	20.359160	1.845694	0.011713	165.640580	165.640600	7.135260	7.135260
17.344660	17.334130	21.937700	2.970292	0.010530	214.831240	214.831200	15.810670	15.810670
18.000006	17.821410	12.412740	30.228050	0.178596	144.667840	144.667800	8.136080	8.136080
17.895641	17.894010	15.054180	28.568680	0.001631	151.706440	151.706400	11.235830	11.235830
17.820576	17.669810	16.717290	18.551600	0.150766	129.171460	129.171500	5.273330	5.273330
16.670471	16.656720	22.448010	1.208303	0.013751	171.534580	171.534600	4.062360	4.062360
16.258831	16.172380	22.486550	1.276255	0.086451	129.397840	129.397800	7.808630	7.808630
17.518194	17.505030	13.492330	34.960250	0.013164	179.280040	179.280000	6.675420	6.675420
17.584694	17.381640	18.218360	2.970209	0.203054	239.806610	239.806600	6.787580	6.787580
17.837307	17.826410	18.816750	2.969824	0.010897	146.773920	146.773900	9.851610	9.851610
16.588348	16.501420	16.582240	25.349220	0.086928	208.761270	208.761300	5.090340	5.090340
17.007864	16.982870	18.630830	8.097849	0.024994	219.255360	219.255400	8.317900	8.317900
17.228718	17.226630	13.724380	19.150790	0.002088	130.607600	130.607600	6.594060	6.594060
17.766003	17.763700	14.058870	11.867870	0.002303	152.641330	152.641300	12.594360	12.594360
18.999331	18.772660	17.114210	16.318820	0.226671	245.001560	245.001600	11.696702	11.696700
16.532164	16.506120	13.413250	18.342200	0.026044	215.185550	215.185500	8.626630	8.626630
17.909590	17.827570	16.528250	20.054710	0.082020	159.190120	159.190100	13.595890	13.595890
17.348841	16.933800	19.476240	3.077550	0.415041	218.847080	218.847100	9.501420	9.501420
17.953245	17.897380	21.547630	1.408921	0.055865	130.693460	130.693500	10.556753	10.556750
17.818602	17.769800	17.706630	13.259950	0.048802	234.264930	234.264900	6.040174	6.040174
17.675591	17.265220	18.637080	11.062990	0.410371	148.245130	148.245100	8.029000	8.029000
17.384296	17.383330	20.253600	1.978490	0.000966	235.167210	235.167200	15.389071	15.389070
16.910816	16.906890	13.746380	18.854820	0.003926	165.216400	165.216400	13.881329	13.881330
16.739998	16.702010	16.006310	34.661720	0.037988	208.768790	208.768800	5.189530	5.189530
18.598074	18.403180	21.250220	1.526270	0.194894	131.475317	131.475300	12.242182	12.242180
16.907635	16.881480	17.884680	2.970174	0.026155	223.181320	223.181300	11.672220	11.672220
16.744350	16.743550	18.011690	0.617001	0.000800	151.515950	151.515900	10.637630	10.637630
15.893149	15.889270	20.620960	2.969864	0.003879	204.627700	204.627700	8.442322	8.442322
18.218693	18.203000	13.284630	24.750170	0.015693	166.565560	166.565600	12.665800	12.665800
18.374731	18.369300	14.523320	12.233350	0.005431	143.494030	143.494000	10.157870	10.157870
18.043028	17.843960	17.801510	6.643578	0.199068	146.037910	146.037900	5.936883	5.936883
16.954765	16.939680	13.892390	21.273190	0.015085	151.768670	151.768700	5.006830	5.006830
18.148254	18.121030	20.988590	2.146460	0.027224	169.329563	169.329600	11.448811	11.448810
18.606527	18.298080	17.081290	18.309720	0.308447	120.374150	120.374200	15.714392	15.714390
18.570049	18.547040	14.480930	11.106000	0.023009	153.448139	153.448100	6.896054	6.896054
16.233639	16.228640	18.374820	3.180294	0.004999	157.905330	157.905300	4.572790	4.572790
18.158623	18.144830	21.409900	1.696528	0.013793	146.359365	146.359400	5.208125	5.208125
18.512045	18.292620	19.009080	10.660300	0.219425	131.148394	131.148400	9.702797	9.702797
16.224609	16.195290	18.649090	9.010487	0.029319	173.008040	173.008000	14.610780	14.610780
17.237122	17.236290	15.444990	24.897830	0.000832	222.886750	222.886700	8.599965	8.599965
17.131470	17.107940	15.896490	15.410330	0.023530	215.181440	215.181400	4.143630	4.143630
16.466082	16.217630	18.202890	9.859641	0.248452	236.433190	236.433200	12.510580	12.510580
18.499260	18.498660	21.795760	1.673359	0.000600	143.353530	143.353500	10.165540	10.165540
18.079639	17.075690	18.144060	12.850870	1.003949	165.116000	165.116000	11.620860	11.620860
17.880547	17.832300	20.523020	2.317230	0.048247	167.091750	167.091800	5.890610	5.890610
17.970846	17.950570	17.851300	2.969697	0.020276	164.392450	164.392500	9.214820	9.214820
16.880730	16.869350	17.511150	15.857760	0.011380	209.680870	209.680900	14.261330	14.261330
18.344305	18.343230	16.110480	18.148390	0.001075	198.751620	198.751600	6.871000	6.871000
18.668102	18.651520	13.763660	57.431380	0.016582	147.716889	147.716900	10.173345	10.173350
16.247150	15.973350	18.045680	10.996120	0.273800	209.348210	209.348200	5.573670	5.573670
16.846621	16.820030	19.435760	4.432887	0.026591	137.100060	137.100100	6.951530	6.951530
18.261171	18.236280	21.484980	1.362529	0.024891	158.221590	158.221600	13.008810	13.008810
18.870823	17.892810	14.296280	21.510140	0.978013	231.938257	231.938300	12.967893	12.967890
17.593788	17.591520	12.866420	40.039100	0.002268	217.219780	217.219800	12.581680	12.581680
18.233046	18.077410	18.130000	9.791913	0.155636	147.679790	147.679800	9.951030	9.951030
18.057587	18.032050	17.525100	14.276820	0.025537	169.556510	169.556500	4.691820	4.691820
17.671152	17.599570	18.113620	12.635050	0.071582	235.714500	235.714500	9.153538	9.153539
17.723810	17.723540	17.477230	7.462694	0.000270	120.533529	120.533500	9.649308	9.649308
17.257088	17.221190	15.823580	21.881450	0.035898	171.272630	171.272600	4.121000	4.121000
18.547577	18.342150	17.984480	7.120729	0.205427	145.055213	145.055200	9.924482	9.924482
18.406630	18.278260	16.377570	10.252690	0.128370	143.280010	143.280000	10.178280	10.178280
16.666927	16.659690	18.235230	3.523446	0.007237	171.185420	171.185400	15.275420	15.275420
17.141045	17.074850	15.925140	3.949979	0.066195	160.610460	160.610500	13.957150	13.957150
18.893774	18.847360	17.566980	7.601767	0.046414	175.949081	175.949100	12.980871	12.980870
19.196247	18.275240	17.457800	12.434460	0.921007	212.093361	212.093400	12.593365	12.593360
16.974262	16.732480	16.893770	8.417590	0.241782	168.216040	168.216000	10.200170	10.200170
18.380100	18.377510	16.548880	15.948000	0.002590	162.868166	162.868200	12.439444	12.439440
17.525984	17.522520	15.695300	15.651210	0.003464	169.261115	169.261100	10.143364	10.143360
17.758863	17.497740	17.314900	6.708620	0.261123	235.276460	235.276500	4.752828	4.752828
17.252817	17.034060	16.681940	4.620157	0.218757	121.911550	121.911600	10.980642	10.980640
16.864243	16.773430	16.073160	43.765590	0.090813	140.363172	140.363200	7.364599	7.364599
17.310743	17.308790	17.199350	17.216020	0.001953	150.500010	150.500000	4.790930	4.790930
17.775379	17.689770	13.792770	28.027990	0.085609	237.491752	237.491700	5.517140	5.517140
18.383703	18.200540	16.809480	8.709363	0.183163	233.495221	233.495200	12.064055	12.064050
17.236280	17.098120	15.237810	6.620571	0.138160	209.088820	209.088800	5.328960	5.328960
17.419617	17.290120	16.187770	18.418540	0.129497	172.101150	172.101200	6.117850	6.117850
17.029501	17.024500	16.117730	8.018141	0.005001	126.626830	126.626800	11.786083	11.786080
16.969481	16.964820	12.364790	30.203690	0.004661	160.420700	160.420700	13.824880	13.824880
18.036188	17.873830	18.128110	2.970388	0.162358	143.036720	143.036700	8.469660	8.469660
18.545382	18.528360	18.495170	2.969623	0.017022	196.045042	196.045000	5.486987	5.486988
17.300863	17.288460	16.750460	4.504456	0.012403	168.219590	168.219600	7.921910	7.921910
17.000000	16.067650	16.399830	4.534962	0.932350	154.299290	154.299300	4.330780	4.330780
17.290262	16.499500	15.997460	20.670880	0.790762	206.670890	206.670900	6.654318	6.654318
17.838551	17.683710	20.864950	1.326912	0.154841	223.226160	223.226200	13.300253	13.300250
14.395325	14.296670	16.878620	8.402164	0.098655	162.281540	162.281500	6.917280	6.917280
17.220306	17.179950	17.057910	6.570717	0.040356	133.140660	133.140700	13.841221	13.841220
16.973995	16.968560	15.482740	20.689560	0.005435	230.247810	230.247800	12.181495	12.181490
18.044800	18.043190	16.872340	13.784440	0.001610	233.251720	233.251700	15.519122	15.519120
18.961240	17.648710	18.868010	8.693300	1.312530	211.611160	211.611200	9.359040	9.359040
18.308290	18.270660	17.320980	8.932191	0.037630	150.298084	150.298100	14.415726	14.415730
19.107925	18.507150	20.414300	2.422994	0.600775	164.682878	164.682900	5.393421	5.393421
17.836636	17.811820	16.160990	5.858473	0.024816	240.451510	240.451500	6.838471	6.838471
18.298000	17.588140	22.681860	1.334535	0.709860	119.774854	119.774900	6.734693	6.734693
17.932529	17.911110	13.062220	21.076370	0.021419	136.315330	136.315300	10.042640	10.042640
18.036869	18.025390	17.001690	16.714530	0.011479	231.129610	231.129600	12.876231	12.876230
17.286341	17.265160	18.418770	11.754780	0.021181	162.361260	162.361300	12.257780	12.257780
17.299791	17.295110	15.861350	19.635700	0.004681	141.981540	141.981500	14.766521	14.766520
17.917393	17.902340	16.787950	6.368560	0.015053	130.274630	130.274600	9.791712	9.791712
18.002909	17.999700	14.623320	22.317090	0.003209	231.730710	231.730700	9.782670	9.782670
18.541977	17.853610	13.121400	37.698350	0.688367	218.920882	218.920900	6.551733	6.551733
17.733822	17.457430	13.777530	13.849060	0.276392	129.138500	129.138500	5.178480	5.178481
17.784773	17.784140	15.299530	12.425480	0.000633	221.584210	221.584200	4.732980	4.732980
18.093018	18.058900	17.520370	3.743179	0.034118	232.888880	232.888900	6.025342	6.025342
18.301914	18.263960	13.927710	11.159640	0.037954	150.480643	150.480600	15.760071	15.760070
18.471951	18.364210	14.211880	21.257920	0.107741	215.911148	215.911100	14.424502	14.424500
17.973539	17.873020	16.788700	14.256230	0.100519	145.759080	145.759100	5.029030	5.029030
18.072229	18.052500	15.232900	7.453448	0.019729	130.611920	130.611900	14.425918	14.425920
16.236681	16.213410	17.653010	14.839880	0.023271	166.110330	166.110300	11.756360	11.756360
17.413824	17.380410	21.235290	1.676816	0.033414	138.738890	138.738900	6.005170	6.005170
16.958920	16.890280	15.800370	16.246380	0.068640	170.596620	170.596600	13.077810	13.077810
16.726948	16.653210	16.481050	9.012710	0.073738	164.057970	164.058000	12.011290	12.011290
17.497749	17.355300	14.896540	28.796140	0.142449	164.408960	164.409000	13.979030	13.979030
18.110083	18.106320	20.662390	1.801673	0.003763	119.212740	119.212700	11.216758	11.216760
17.228157	16.930220	18.609650	9.969368	0.297937	209.039000	209.039000	5.542580	5.542580
17.865351	17.827550	18.159250	4.203125	0.037801	151.850250	151.850300	5.325310	5.325310
18.071344	18.060300	16.601620	18.807790	0.011044	224.536580	224.536600	6.746530	6.746530
17.615604	17.575660	25.114370	2.970311	0.039944	138.212120	138.212100	6.475810	6.475810
19.190092	19.014430	18.231040	5.429705	0.175662	116.908079	116.908100	12.670130	12.670130
19.616823	17.292530	18.084310	8.744473	2.324293	136.302080	136.302100	5.868110	5.868110
17.688370	17.669130	14.362370	30.324210	0.019240	172.787040	172.787000	13.570390	13.570390
20.344187	17.637780	17.983310	8.312905	2.706407	241.300708	241.300700	11.041694	11.041690
18.397585	18.302330	25.114380	2.969413	0.095255	145.578960	145.579000	4.689390	4.689390
19.264187	19.246720	13.810150	18.414310	0.017467	175.885458	175.885500	15.042620	15.042620
18.027266	17.885670	16.800520	6.229365	0.141596	239.981080	239.981100	6.884080	6.884080
17.658064	17.643110	17.161250	8.441173	0.014954	140.312420	140.312400	9.731190	9.731190
18.384108	18.271560	16.449490	3.351775	0.112548	144.347976	144.348000	4.098510	4.098510
17.862532	17.857140	18.543400	2.970339	0.005392	165.757973	165.758000	8.048476	8.048476
17.883917	17.883030	17.944240	12.123110	0.000887	217.702790	217.702800	7.157190	7.157190
18.804012	18.490960	17.745320	11.150850	0.313052	150.010197	150.010200	15.768493	15.768490
18.442539	18.415490	18.106250	4.833298	0.027049	142.442380	142.442400	8.043280	8.043280
17.848715	17.833060	14.415710	7.001613	0.015655	207.094830	207.094800	8.211610	8.211610
20.561272	20.458830	15.751190	21.835380	0.102442	210.553331	210.553300	8.085626	8.085626
19.878269	18.725840	14.190370	21.382470	1.152429	134.272667	134.272700	9.118312	9.118312
18.356518	18.162390	15.279910	24.861890	0.194128	178.705510	178.705500	6.709610	6.709610
18.662189	18.653500	11.231120	22.780190	0.008689	236.602400	236.602400	4.489054	4.489054
18.227757	18.194740	13.992630	12.926190	0.033017	163.489870	163.489900	4.258948	4.258948
18.065752	18.065110	17.198710	17.799420	0.000642	220.126700	220.126700	14.477458	14.477460
19.011648	18.285490	17.405460	16.690160	0.726158	218.129420	218.129400	11.553170	11.553170
17.380201	17.351610	15.893440	14.491950	0.028591	160.718460	160.718500	13.741080	13.741080
17.533415	17.478410	15.777310	16.937740	0.055005	203.528920	203.528900	9.262030	9.262030
19.331938	19.288300	14.401420	9.519676	0.043638	216.062005	216.062000	14.653260	14.653260
19.258154	18.720930	17.641050	16.872980	0.537224	146.534817	146.534800	8.718073	8.718073
18.410603	18.395920	18.072640	8.367374	0.014683	240.699640	240.699600	6.875186	6.875186
17.899908	17.850570	11.981370	32.931850	0.049338	150.289500	150.289500	8.782080	8.782080
18.006153	17.790970	19.804320	2.970151	0.215183	158.522510	158.522500	15.780596	15.780600
17.964933	17.955220	18.819470	5.465714	0.009713	152.585710	152.585700	7.753720	7.753720
17.960003	17.958030	17.577910	14.222860	0.001973	205.077400	205.077400	6.040959	6.040959
17.475294	17.364740	18.985470	5.454667	0.110554	158.733880	158.733900	11.492390	11.492390
16.984594	16.895320	17.586170	3.455264	0.089274	169.867090	169.867100	9.595640	9.595640
19.697906	19.523500	18.093830	2.969998	0.174406	164.364012	164.364000	9.174411	9.174411
18.311897	18.292980	16.345610	6.716358	0.018917	206.816670	206.816700	13.177170	13.177170
15.130211	15.113430	14.910740	49.370510	0.016781	143.686330	143.686300	6.425500	6.425500
18.863602	17.809390	16.419460	10.659330	1.054212	168.317530	168.317500	15.408601	15.408600
15.651504	15.639220	14.612620	24.585210	0.012284	170.829490	170.829500	13.629780	13.629780
18.210579	18.099230	18.717970	10.792920	0.111349	158.005330	158.005300	4.346080	4.346080
19.184237	17.939330	18.222870	14.098840	1.244907	170.746381	170.746400	12.460462	12.460460
15.571424	15.407160	19.226650	2.970223	0.164264	162.223970	162.224000	14.124520	14.124520
17.353346	17.352790	16.398410	10.309990	0.000556	174.286670	174.286700	13.251360	13.251360
19.496742	19.494890	17.671780	2.970651	0.001852	134.726965	134.727000	5.526735	5.526735
21.423080	19.601050	17.729350	11.105620	1.822030	209.440889	209.440900	7.837351	7.837351
19.431534	17.786990	15.032550	14.507230	1.644544	173.826630	173.826600	4.954810	4.954810
18.177608	18.158140	17.834220	10.570640	0.019468	206.989370	206.989400	4.314060	4.314060
19.322973	18.918130	14.979270	15.162670	0.404843	208.991601	208.991600	8.995447	8.995447
16.901983	16.868100	19.006460	4.181241	0.033883	162.756290	162.756300	13.333470	13.333470
16.327257	16.246150	15.152720	21.671360	0.081107	168.604870	168.604900	15.533860	15.533860
16.306360	15.405970	16.263770	12.750920	0.900390	193.955870	193.955900	4.012790	4.012790
18.203978	18.184610	18.362260	11.111590	0.019368	169.516130	169.516100	10.244450	10.244450
17.998608	17.936080	17.635850	9.142320	0.062528	162.880610	162.880600	14.114770	14.114770
16.938208	16.934100	16.327990	17.394170	0.004108	170.906740	170.906700	12.895790	12.895790
17.295362	17.256180	17.097990	10.804800	0.039182	169.816120	169.816100	14.290220	14.290220
17.354715	17.351990	22.057840	2.969942	0.002725	168.687580	168.687600	12.647700	12.647700
