Best_Mag	Petro_Mag_g	cModelMag	PetroRad_g	Difference	My_RA	SDSS_RA		My_DEC		SDSS_DEC
13.298947	13.437330	16.105290	21.012310	-0.138383	209.373460	209.373500	6.097010	6.097010
13.571051	14.110330	17.375960	5.215632	-0.539279	147.478140	147.478100	9.163500	9.163500
9.600000	10.857790	15.964470	22.974640	-1.257790	161.956670	161.956700	12.581640	12.581640
13.246881	13.332630	13.857760	15.084320	-0.085749	235.376670	235.376700	15.787670	15.787670
13.500000	16.970430	15.317740	9.652429	-3.470430	221.122330	221.122300	5.176250	5.176250
13.806496	13.812550	17.154910	5.360023	-0.006054	243.236910	243.236900	9.867110	9.867110
12.916083	12.919590	18.020590	11.886770	-0.003507	155.933170	155.933200	12.567770	12.567770
13.704232	13.791650	17.321670	12.581880	-0.087418	210.514670	210.514700	9.929310	9.929310
13.927902	14.317950	14.621390	28.401950	-0.390048	213.555830	213.555800	15.622408	15.622410
13.997494	14.964130	17.501610	10.939760	-0.966636	242.643120	242.643100	10.040370	10.040370
11.400000	11.482270	17.484480	13.304510	-0.082270	204.383420	204.383400	8.885180	8.885180
13.035262	13.155800	16.724770	15.531400	-0.120538	146.571500	146.571500	5.708800	5.708800
14.014585	14.018830	17.679910	8.355978	-0.004245	146.514760	146.514800	4.403450	4.403450
13.959857	14.000200	15.381460	8.588470	-0.040343	138.398300	138.398300	12.440810	12.440810
14.017234	14.094620	15.040100	20.752860	-0.077386	210.573300	210.573300	7.684170	7.684170
13.664174	15.018780	16.125320	14.044260	-1.354606	131.498100	131.498100	12.619904	12.619900
13.877894	14.480960	16.218660	23.514560	-0.603066	119.917160	119.917200	15.386820	15.386820
11.236158	12.004230	12.975590	42.054370	-0.768072	209.030040	209.030000	5.254770	5.254770
13.991248	14.142380	13.087270	62.225730	-0.151132	120.378210	120.378200	9.707640	9.707640
13.667076	13.812560	16.721010	14.244440	-0.145484	154.582200	154.582200	7.049310	7.049310
14.028423	14.148100	17.121610	10.185190	-0.119677	117.859150	117.859200	14.020460	14.020460
14.343839	14.416870	16.544040	13.116070	-0.073031	245.911840	245.911800	11.786240	11.786240
14.000000	15.958230	19.375310	3.599664	-1.958230	125.144750	125.144800	4.615830	4.615830
13.622365	13.722860	17.664670	9.549239	-0.100495	198.166120	198.166100	12.599750	12.599750
14.108987	14.240070	13.640260	34.282480	-0.131083	213.132150	213.132200	13.304739	13.304740
13.676223	13.710090	16.624730	14.811340	-0.033867	241.055940	241.055900	13.744020	13.744020
12.663404	17.646450	15.494980	19.712860	-4.983046	234.624880	234.624900	12.186610	12.186610
14.497895	16.780190	16.335270	12.885100	-2.282295	240.333250	240.333300	8.835940	8.835940
14.213545	14.222300	16.718890	12.934360	-0.008755	209.593070	209.593100	6.339100	6.339100
14.214949	14.338710	22.879210	1.296481	-0.123761	237.135830	237.135800	8.587930	8.587930
14.075172	14.350530	18.339260	4.067898	-0.275358	131.315880	131.315900	9.645500	9.645500
14.270366	14.322310	17.301210	5.813093	-0.051944	120.856370	120.856400	10.050530	10.050530
14.675372	14.831890	13.987720	20.771310	-0.156518	173.588530	173.588500	15.660405	15.660410
13.584829	13.852770	22.858060	1.131139	-0.267941	162.823930	162.823900	13.945990	13.945990
14.303145	14.366750	15.051300	16.750100	-0.063605	121.744280	121.744300	8.003940	8.003940
13.776272	13.834640	12.895650	64.033200	-0.058368	168.485420	168.485400	12.301060	12.301060
14.581191	14.589880	16.064720	19.015500	-0.008689	140.211440	140.211400	13.191140	13.191140
13.855383	13.924450	17.905510	4.160067	-0.069067	167.688380	167.688400	12.016140	12.016140
14.713151	14.841810	16.023980	10.654960	-0.128659	245.716860	245.716900	11.371011	11.371010
14.763434	14.968090	14.372490	27.876080	-0.204656	246.694510	246.694500	11.580270	11.580270
14.040599	14.306600	15.230730	12.661100	-0.266001	149.734500	149.734500	14.418780	14.418780
13.276364	13.375690	17.114120	6.636180	-0.099326	150.358090	150.358100	15.770070	15.770070
14.300000	15.920620	16.695790	11.814040	-1.620620	124.423750	124.423800	4.610000	4.610000
14.808506	14.857600	17.437900	17.158370	-0.049094	147.404140	147.404100	9.005210	9.005210
14.954149	15.042150	16.167960	18.224850	-0.088001	212.047290	212.047300	5.811560	5.811560
14.845318	14.849060	15.962230	18.747990	-0.003742	215.628240	215.628200	11.304880	11.304880
13.058794	13.117900	17.706960	9.557125	-0.059106	143.025920	143.025900	8.441770	8.441770
13.415622	13.419260	17.226220	6.798825	-0.003638	215.544640	215.544600	13.918060	13.918060
13.087772	13.475810	14.244590	21.432010	-0.388038	142.376000	142.376000	7.718830	7.718830
13.981496	14.112470	16.836430	6.422042	-0.130974	176.776470	176.776500	13.706812	13.706810
14.515480	14.526620	15.479020	6.558769	-0.011140	209.595680	209.595700	14.457340	14.457340
12.360000	12.719750	22.691070	1.181851	-0.359750	162.116290	162.116300	12.533190	12.533190
14.738846	14.783310	17.776090	12.272270	-0.044464	120.481190	120.481200	11.720340	11.720340
13.418581	13.419210	17.160890	10.212620	-0.000629	218.288380	218.288400	10.510810	10.510810
14.837716	15.608240	15.091300	18.748740	-0.770524	130.734940	130.731200	13.641590	13.643110
15.101646	15.126820	17.482070	14.856670	-0.025174	212.247210	212.247200	14.758197	14.758200
14.610433	14.681740	17.156230	15.066600	-0.071307	152.442840	152.442800	5.172940	5.172940
14.620437	14.627700	16.605970	4.936307	-0.007263	125.747350	125.747400	4.276460	4.276460
14.984520	15.201090	17.908440	9.286335	-0.216570	213.613920	213.613900	15.611780	15.611780
14.900806	15.065920	17.962130	2.879491	-0.165114	120.414490	120.414500	10.732720	10.732720
14.284160	14.387170	16.700320	13.490320	-0.103010	139.669270	139.669300	13.829490	13.829490
14.824548	14.857620	17.205300	6.047861	-0.033072	120.026220	120.026200	13.152120	13.152120
13.830916	13.881580	17.541470	13.595650	-0.050664	164.656530	164.656500	9.050450	9.050450
14.776383	14.798240	16.513710	6.215828	-0.021857	120.087410	120.087400	11.319450	11.319450
14.025398	14.056790	17.201860	13.973320	-0.031392	159.292580	159.292600	12.652470	12.652470
14.329459	14.401770	18.080100	7.900126	-0.072311	175.415560	175.415600	15.965720	15.965720
15.340000	22.469450	17.317500	8.038312	-7.129450	213.065800	213.065800	15.879340	15.879340
15.379558	15.525710	17.329280	9.861105	-0.146152	220.231070	220.231100	14.333540	14.333540
14.918759	15.012990	14.115540	15.462670	-0.094231	211.228080	211.228100	12.704690	12.704690
14.990089	15.008980	17.214920	4.153986	-0.018891	209.844760	209.844800	5.538670	5.538670
15.237741	15.267270	16.694490	16.647640	-0.029529	246.844120	246.844100	11.467140	11.467140
13.368456	19.619030	17.919180	10.341430	-6.250574	233.429420	233.429400	15.007280	15.007280
13.555918	13.780630	17.387030	3.598943	-0.224712	233.645920	233.645900	15.200060	15.200060
14.895666	14.973280	14.793840	12.392280	-0.077614	197.882000	197.882000	8.743190	8.743190
15.227830	15.253040	14.346170	12.106820	-0.025210	210.000800	210.000800	7.764910	7.764910
15.214686	15.225920	17.906390	9.079857	-0.011234	209.230900	209.230900	14.142252	14.142250
15.188688	15.268920	17.140130	5.266998	-0.080232	237.936380	237.936400	12.742350	12.742350
15.053647	15.216610	16.926590	5.308424	-0.162963	233.532920	233.532900	14.395000	14.395000
14.217775	14.274140	15.796840	19.430750	-0.056365	151.865390	151.865400	12.274510	12.274510
14.633259	14.714250	20.349790	1.519580	-0.080991	166.986580	166.986600	8.000780	8.000780
15.345949	15.358720	17.064300	6.191549	-0.012771	241.197620	241.197600	14.287160	14.287160
15.136712	15.402670	18.440930	3.972857	-0.265958	118.571080	118.571100	14.273000	14.273000
15.400000	16.610670	15.383300	7.860545	-1.210670	139.199290	139.199300	11.452690	11.452690
15.495059	15.616630	16.215070	7.478431	-0.121571	239.418860	239.418900	15.874586	15.874590
15.145182	15.185830	14.799890	11.416750	-0.040648	225.333040	225.333000	9.150970	9.150970
14.726519	14.811850	16.703360	11.093460	-0.085331	149.650960	149.651000	13.255280	13.255280
15.325593	15.336790	15.207650	21.453370	-0.011197	120.657740	120.657700	9.500090	9.500090
13.222141	13.462810	17.892900	13.416350	-0.240669	218.183100	218.183100	9.891717	9.891717
14.646698	14.799960	16.739090	5.438126	-0.153262	242.336460	242.336500	8.763250	8.763250
14.117589	25.114480	17.406210	10.392400	-10.996891	215.614380	215.614400	15.085070	15.085070
14.609499	15.027720	15.367210	12.361100	-0.418221	143.087870	143.087900	10.809220	10.809220
15.712705	15.889910	15.696540	22.578920	-0.177205	216.927350	216.927400	13.906888	13.906890
14.100075	20.053790	13.155120	30.589690	-5.953715	218.223050	218.223100	11.595058	11.595060
15.051177	15.063950	17.288900	16.824500	-0.012773	235.775330	235.775300	15.770490	15.770490
14.949248	15.104330	17.088980	5.592949	-0.155082	134.954360	134.954400	5.060860	5.060860
15.115020	15.124800	14.295960	17.276080	-0.009780	120.005730	120.005700	8.006150	8.006150
15.352444	15.934490	17.758750	9.339887	-0.582046	121.774830	121.774800	8.048030	8.048030
11.860000	12.720640	18.014830	13.955600	-0.860640	172.531080	172.531100	9.276640	9.276640
15.567080	15.608240	16.620360	15.016860	-0.041160	130.731160	130.731200	13.643110	13.643110
15.380515	15.470390	15.002000	42.154780	-0.089875	120.319210	120.319200	9.264820	9.264820
14.684961	14.694100	22.549600	0.912036	-0.009139	162.833060	162.833100	14.023440	14.023440
13.349158	13.434930	17.398030	6.101006	-0.085772	168.165900	168.165900	9.055840	9.055840
15.184390	15.560650	18.232880	3.389412	-0.376260	146.689900	146.689900	9.264370	9.264370
15.812838	15.814220	15.231910	21.105860	-0.001382	218.310610	218.310600	13.842711	13.842710
15.566035	15.762290	17.671850	6.801243	-0.196255	241.258130	241.258100	13.701220	13.701220
14.738267	14.781020	12.766570	48.237710	-0.042753	144.643580	144.643600	8.887930	8.887930
15.702275	32.566510	18.250550	9.246712	-16.864235	145.474710	145.474700	11.632510	11.632510
14.893353	14.924390	17.338860	6.364798	-0.031037	171.641870	171.641900	11.440080	11.440080
15.584692	29.794060	16.301950	7.319977	-14.209368	209.484250	209.484300	7.433583	7.433583
14.869049	14.871480	16.514320	12.345510	-0.002431	145.874190	145.874200	9.420770	9.420770
15.848463	15.989610	17.948990	8.320000	-0.141147	216.096570	216.096600	13.798442	13.798440
14.852652	14.907200	15.602230	21.142430	-0.054548	176.551500	176.551500	10.595530	10.595530
15.686318	19.779520	17.933110	10.014580	-4.093202	174.378050	174.378100	15.486344	15.486340
13.542033	19.783530	18.742320	1.447490	-6.241497	234.401350	234.401400	5.973420	5.973420
15.578489	21.029610	14.582820	28.544820	-5.451121	119.655110	119.655100	15.069120	15.069120
15.500000	15.824830	12.716300	67.193440	-0.324830	125.603330	125.603300	5.002220	5.002220
15.290766	15.433830	17.676030	12.503380	-0.143064	139.045960	139.046000	6.329440	6.329440
15.244187	15.295340	17.244600	7.275654	-0.051153	141.239190	141.239200	11.541530	11.541530
15.896892	15.900130	16.949730	8.572264	-0.003238	209.467620	209.467600	7.413500	7.413500
16.075449	16.080680	15.300480	13.910040	-0.005231	173.575680	173.575700	15.595950	15.595950
16.059113	16.307060	18.090100	8.431455	-0.247947	173.784540	173.784500	15.958630	15.958630
15.212678	15.215140	15.600150	14.897210	-0.002462	243.604540	243.604500	10.515010	10.515010
16.038958	16.073890	16.454960	12.993250	-0.034932	246.061860	246.061900	12.855839	12.855840
15.935170	16.010540	17.935310	7.799150	-0.075370	236.806930	236.806900	10.751978	10.751980
15.851933	25.114290	13.099030	28.083820	-9.262357	143.216250	143.216200	12.286890	12.286890
16.040983	16.056470	17.469240	4.891145	-0.015487	212.205910	212.205900	10.795940	10.795940
15.300000	21.429920	17.239770	6.533092	-6.129920	235.014170	235.014200	13.977500	13.977500
15.573222	15.581130	20.117240	1.848064	-0.007908	131.177710	131.177700	9.800860	9.800860
13.609221	13.646580	17.225820	11.281510	-0.037359	158.678340	158.678300	11.197350	11.197350
16.168907	16.172780	17.988620	9.625568	-0.003873	242.598420	242.598400	10.210955	10.210950
15.792225	15.805330	15.428630	6.408537	-0.013105	174.811370	174.811400	14.992430	14.992430
12.531680	12.690610	13.946760	31.389150	-0.158930	162.809710	162.809700	5.840030	5.840030
16.237595	16.415410	17.724760	10.498150	-0.177815	211.889350	211.889300	14.633850	14.633850
16.246769	16.280560	15.872240	16.135960	-0.033791	173.901640	173.901600	15.975044	15.975040
10.900000	11.236340	16.779530	17.268150	-0.336340	165.077370	165.077400	13.901220	13.901220
15.180063	15.187610	17.109000	9.276783	-0.007547	153.619060	153.619100	15.902930	15.902930
16.216930	16.226920	17.857690	11.296460	-0.009990	215.327820	215.327800	12.505960	12.505960
16.079884	16.263280	17.779680	3.753676	-0.183396	211.275100	211.275100	9.339170	9.339170
15.150373	15.250240	16.787410	14.173330	-0.099867	150.764420	150.764400	10.745950	10.745950
15.763190	15.811900	17.672590	7.013731	-0.048710	133.970330	133.970300	13.563360	13.563360
16.305317	16.332010	16.586710	16.516690	-0.026693	208.290210	208.290200	4.960940	4.960940
16.364828	16.370890	15.510970	11.601270	-0.006062	209.673940	209.673900	6.695013	6.695013
14.610267	21.121870	17.654100	11.896460	-6.511603	237.255230	237.255200	5.186080	5.186080
14.671246	23.863930	14.268520	15.652240	-9.192684	156.422570	156.422600	11.739280	11.739280
13.861707	22.109340	11.703850	58.759400	-8.247633	166.735960	166.736000	7.173920	7.173920
14.387591	14.507150	16.250910	10.052900	-0.119559	135.263420	135.263400	11.098390	11.098390
11.500000	22.605640	13.093450	24.305940	-11.105640	170.070890	170.070900	13.589687	13.589690
13.465879	20.506460	16.552950	4.718947	-7.040581	235.721530	235.721500	14.231470	14.231470
15.916449	15.992380	17.200960	7.767518	-0.075931	226.972130	226.972100	8.437400	8.437400
15.456225	15.498770	13.716530	42.989890	-0.042545	143.774180	143.774200	9.649200	9.649200
16.337183	16.340170	13.532790	48.666800	-0.002987	210.371840	210.371800	9.153720	9.153720
16.294933	16.476280	16.784000	2.970491	-0.181347	246.722850	246.722900	11.652030	11.652030
14.109412	14.167620	16.064430	24.861760	-0.058208	218.888670	218.888700	12.908250	12.908250
15.963953	16.006680	15.944570	16.383520	-0.042727	153.784870	153.784900	5.243360	5.243360
15.911287	19.974010	16.378610	12.187910	-4.062723	130.862500	130.862500	4.433190	4.433190
16.030176	16.052230	16.668930	19.818440	-0.022054	120.959080	120.959100	10.548500	10.548500
16.360023	16.369090	17.387420	6.035439	-0.009067	246.564440	246.564400	11.739889	11.739890
15.772866	15.802750	14.381670	15.471560	-0.029884	148.857350	148.857300	7.660450	7.660450
16.406790	16.436080	17.283850	11.780860	-0.029290	209.950500	209.950500	11.326030	11.326030
16.493364	16.502510	13.798850	23.959390	-0.009146	211.293310	211.293300	11.771370	11.771370
13.700000	21.404900	16.649380	8.744629	-7.704900	200.159200	200.159200	9.787150	9.787150
13.839424	13.933610	13.889980	17.562660	-0.094186	147.614140	147.614100	12.765500	12.765500
15.921950	15.948230	19.563890	1.686718	-0.026280	151.198610	151.198600	5.368597	5.368597
16.143461	16.164400	15.735160	16.863590	-0.020939	235.353690	235.353700	11.984979	11.984980
16.395239	16.457030	17.767330	10.370120	-0.061791	177.979020	177.979000	5.840130	5.840130
15.950000	20.639680	16.948760	6.375823	-4.689680	125.877750	125.877700	10.045530	10.045530
14.555246	23.834550	18.163570	5.677186	-9.279304	130.816670	130.816700	13.085860	13.085860
16.558603	16.565990	12.199510	37.426940	-0.007387	217.294800	217.294800	13.980956	13.980960
16.574230	16.605190	17.204890	6.874686	-0.030960	243.852200	243.852200	9.050330	9.050330
16.386620	16.411190	16.172640	10.422090	-0.024570	241.165230	241.165200	15.066090	15.066090
14.868130	14.893830	17.205910	2.974609	-0.025700	218.340420	218.340400	6.878060	6.878060
15.894598	15.895840	18.168380	6.841017	-0.001242	155.041680	155.041700	6.952570	6.952570
15.334939	20.642000	13.768360	51.805130	-5.307061	149.696420	149.696400	11.388690	11.388690
16.151571	16.155530	15.839730	24.226730	-0.003959	120.168920	120.168900	12.063836	12.063840
16.179708	16.382240	17.178220	14.726810	-0.202532	128.572500	128.572500	14.547920	14.547920
16.295322	16.436080	15.981110	24.434760	-0.140758	119.777320	119.777300	9.854413	9.854413
16.037504	25.114490	15.807940	7.377049	-9.076986	120.180300	120.180300	8.638814	8.638814
15.793820	16.159470	18.311510	8.426813	-0.365650	176.342810	176.342800	14.366590	14.366590
16.325375	16.656100	17.208560	7.445915	-0.330725	120.626600	120.626600	9.075999	9.075999
16.512657	16.556710	17.767390	5.982399	-0.044053	155.966130	155.966100	9.987470	9.987470
16.734919	16.973710	18.039620	6.823707	-0.238791	212.194850	212.194900	4.909785	4.909785
16.559383	16.621420	17.067220	10.072310	-0.062037	241.405080	241.405100	14.411480	14.411480
15.818408	15.941230	18.244290	6.545326	-0.122822	243.532910	243.532900	10.732959	10.732960
16.158092	16.168270	15.599060	14.517670	-0.010178	177.378000	177.378000	12.677094	12.677090
16.637218	16.643520	17.566800	13.120970	-0.006302	148.481170	148.481200	7.046560	7.046560
16.649950	16.672950	17.694430	10.890840	-0.023000	149.627330	149.627300	10.183000	10.183000
16.455994	16.465180	22.788850	0.082306	-0.009186	149.049900	149.049900	15.700877	15.700880
16.190985	16.366580	16.435060	11.944620	-0.175595	120.399414	120.399400	8.100156	8.100156
16.024052	19.758230	17.392570	3.851626	-3.734178	177.127770	177.127800	12.729800	12.729800
15.678133	16.374690	14.853300	24.223080	-0.696557	147.745110	147.745100	10.801590	10.801590
14.076251	14.084500	17.111050	15.976740	-0.008249	137.674310	137.674300	7.206710	7.206710
16.320116	16.397050	18.157400	3.830108	-0.076934	153.812237	153.812200	4.291860	4.291860
16.731026	16.733910	17.670580	13.699050	-0.002884	246.600610	246.600600	13.117134	13.117130
16.254539	16.298290	13.464120	12.238320	-0.043751	149.674040	149.674000	5.264360	5.264360
16.607038	22.552330	17.057340	8.786280	-5.945292	155.786370	155.786400	8.979780	8.979780
16.735100	16.740120	17.056490	2.949950	-0.005020	211.053600	211.053600	8.517225	8.517225
15.728776	15.798290	16.406750	6.930269	-0.069514	146.376150	146.376100	6.376820	6.376820
16.467598	16.493230	17.670820	6.241250	-0.025632	164.570710	164.570700	4.792190	4.792190
16.703205	16.718700	15.555180	21.291870	-0.015495	145.128360	145.128400	7.489430	7.489430
16.910000	16.912300	16.701120	11.941600	-0.002300	173.138330	173.138300	14.200830	14.200830
16.802849	16.815040	17.800400	4.509926	-0.012191	155.477400	155.477400	11.465520	11.465520
16.527626	16.530560	17.178300	10.750060	-0.002934	233.920130	233.920100	15.549004	15.549000
16.833912	16.955860	13.533420	37.225190	-0.121948	132.011960	132.012000	13.086204	13.086200
14.350000	14.434190	18.279430	8.004794	-0.084190	214.936390	214.936400	9.362480	9.362480
16.957691	17.007350	18.007250	8.157152	-0.049659	216.391630	216.391600	13.816490	13.816490
16.285736	16.304890	15.663020	13.105950	-0.019154	154.542820	154.542800	7.142980	7.142980
16.561560	16.562120	14.863140	7.296861	-0.000560	121.776660	121.776700	7.882903	7.882903
16.385094	16.390470	16.697640	5.919858	-0.005376	174.236940	174.236900	15.528970	15.528970
14.969508	15.043400	15.981260	36.431990	-0.073892	218.916290	218.916300	13.169940	13.169940
16.101580	16.258580	16.398620	18.107080	-0.157000	241.687670	241.687700	11.888060	11.888060
17.016575	17.111820	17.900620	7.738441	-0.095245	209.644040	209.644000	6.574070	6.574070
16.654503	16.662640	16.220020	13.255800	-0.008137	137.010310	137.010300	13.647098	13.647100
15.117774	15.243570	17.629680	9.214957	-0.125796	149.318830	149.318800	4.526970	4.526970
13.836117	20.619120	15.193920	26.199310	-6.783003	211.632960	211.633000	6.029690	6.029690
16.262564	16.268010	17.604470	6.413930	-0.005446	231.894920	231.894900	6.900513	6.900513
16.728285	16.737840	16.358860	5.506178	-0.009555	121.448010	121.448000	8.319342	8.319342
16.578142	16.587640	17.763960	6.466372	-0.009498	210.850710	210.850700	11.154080	11.154080
16.354015	16.393370	12.814080	41.154400	-0.039355	235.720050	235.720000	15.175247	15.175250
16.130297	16.205960	17.901560	8.251835	-0.075663	146.910830	146.910800	4.821670	4.821670
16.265177	16.334260	17.472950	9.346975	-0.069083	179.082490	179.082500	6.172690	6.172690
16.663126	16.663430	15.947760	19.707210	-0.000304	123.059330	123.059300	4.073500	4.073500
17.146372	24.816140	15.142940	29.591550	-7.669768	211.364550	211.364500	12.231840	12.231840
17.174831	17.196390	15.152140	34.793830	-0.021559	210.803840	210.803800	9.522930	9.522930
16.971552	16.975650	16.764370	8.390224	-0.004098	235.822970	235.823000	9.698852	9.698853
14.497394	14.498060	15.093880	27.589590	-0.000666	211.197250	211.197300	8.800922	8.800922
16.071302	16.072080	15.889120	23.901090	-0.000778	141.353460	141.353500	11.073780	11.073780
17.068674	17.070690	18.116320	5.352566	-0.002016	148.675390	148.675400	4.975420	4.975420
17.207390	17.239960	15.281510	14.781320	-0.032570	211.169610	211.169600	12.143950	12.143950
17.029000	22.610010	17.023590	19.847970	-5.581010	147.746250	147.746200	4.272220	4.272220
17.061869	19.965020	13.822720	12.109150	-2.903151	246.154890	246.154900	12.552621	12.552620
16.737932	16.910770	17.330650	14.692900	-0.172838	222.909490	222.909500	9.061211	9.061211
16.680443	16.687000	15.423450	10.106530	-0.006557	120.228580	120.228600	13.396780	13.396780
16.321144	21.993800	14.953040	11.577540	-5.672656	236.606500	236.606500	4.427640	4.427640
17.049913	17.076380	16.913840	19.087420	-0.026467	172.060890	172.060900	11.394380	11.394380
17.088715	17.167830	18.019330	8.423725	-0.079115	239.340080	239.340100	15.827341	15.827340
17.029085	17.175300	14.252240	146.018400	-0.146215	210.478630	210.478600	9.378878	9.378879
16.376135	16.384960	14.687800	30.100120	-0.008825	198.243140	198.243100	12.477980	12.477980
15.913620	16.091870	18.495780	6.546408	-0.178250	151.795750	151.795700	12.651360	12.651360
16.920805	16.935650	17.872010	7.678095	-0.014845	170.486530	170.486500	10.498720	10.498720
15.797498	15.811360	17.941660	2.874828	-0.013862	166.807020	166.807000	6.411680	6.411680
16.611713	16.644080	18.063820	10.584360	-0.032367	174.413450	174.413500	8.864120	8.864120
16.722193	17.272230	18.143870	2.914384	-0.550037	128.964504	128.964500	7.462774	7.462773
16.986530	16.987190	18.237420	9.615499	-0.000660	120.056000	120.056000	13.155076	13.155080
16.806513	16.897590	17.922830	5.081533	-0.091077	230.931000	230.931000	10.929220	10.929220
17.229481	17.368520	14.784120	15.519190	-0.139039	146.964870	146.964900	8.835390	8.835390
16.714682	16.727730	14.247060	17.701730	-0.013048	123.715050	123.715000	6.174740	6.174740
16.822741	16.873590	15.309940	5.644348	-0.050849	144.127430	144.127400	15.548767	15.548770
16.682169	16.832980	17.761500	7.186967	-0.150811	129.126270	129.126300	5.167000	5.167000
16.277966	21.405500	16.891900	10.014800	-5.127534	224.198330	224.198300	9.508890	9.508890
15.202950	15.384830	18.036090	9.054081	-0.181880	241.670840	241.670800	6.580930	6.580930
16.785280	16.794440	14.962460	28.246220	-0.009160	231.857910	231.857900	11.284027	11.284030
16.930252	16.937340	14.122110	11.508280	-0.007088	153.902850	153.902800	6.347820	6.347820
17.123491	17.151550	14.384030	24.105770	-0.028059	211.426790	211.426800	12.074080	12.074080
17.110622	17.165780	13.837120	29.022050	-0.055158	114.519886	114.519900	15.987636	15.987640
16.956459	16.957970	17.562460	6.113318	-0.001511	212.072580	212.072600	12.468110	12.468110
16.256786	16.376300	15.430270	15.259380	-0.119514	146.585370	146.585400	5.687170	5.687170
15.200000	21.687000	16.874980	6.646341	-6.487000	130.060780	130.060800	5.635230	5.635230
16.657583	16.662610	16.736190	2.908376	-0.005027	128.654970	128.655000	4.471180	4.471180
17.375229	17.446630	15.496440	11.471990	-0.071401	211.351710	211.351700	7.610610	7.610610
16.876286	16.878890	14.174840	6.657552	-0.002604	209.130730	209.130700	8.353305	8.353305
16.908085	19.125340	15.977870	24.401150	-2.217255	198.860390	198.860400	11.585590	11.585590
17.331312	17.347330	17.261210	11.766780	-0.016018	241.169900	241.169900	11.040988	11.040990
16.899994	16.925970	16.259640	3.384332	-0.025976	170.685470	170.685500	13.345310	13.345310
17.200684	17.397610	17.553880	5.127542	-0.196926	241.143190	241.143200	14.931070	14.931070
13.100000	13.424380	17.744220	4.353056	-0.324380	174.554040	174.554000	12.111920	12.111920
17.290201	17.306070	17.517990	8.995773	-0.015869	247.161500	247.161500	13.399325	13.399330
16.316290	20.497540	17.519410	16.454800	-4.181250	145.678710	145.678700	9.456140	9.456140
17.166348	17.193480	16.972160	16.763150	-0.027132	138.124770	138.124800	12.586585	12.586590
16.478594	16.524640	17.390640	8.688463	-0.046046	176.483830	176.483800	13.839190	13.839190
16.388374	21.132160	17.226750	14.733460	-4.743786	145.733770	145.733800	9.475140	9.475140
17.337570	17.346260	16.473480	5.435054	-0.008690	147.274910	147.274900	9.088100	9.088100
16.337120	16.389020	17.280410	15.230020	-0.051900	161.339390	161.339400	13.714204	13.714200
15.167136	15.231350	13.764810	23.304610	-0.064214	167.727140	167.727100	9.621829	9.621829
15.062751	15.094620	14.860570	22.333240	-0.031869	167.347130	167.347100	10.834080	10.834080
16.614981	16.623050	17.345420	6.282276	-0.008069	150.773130	150.773100	11.446390	11.446390
14.971517	14.986590	17.308740	12.902140	-0.015073	216.749070	216.749100	8.683622	8.683622
16.625696	16.691750	17.478380	12.076880	-0.066054	176.494660	176.494700	13.791230	13.791230
17.406404	17.439130	17.914230	3.723405	-0.032726	146.460370	146.460400	8.909330	8.909330
17.170273	17.184770	17.994710	4.532279	-0.014497	209.267650	209.267700	14.101530	14.101530
16.163845	16.185420	20.515530	2.616792	-0.021575	151.988000	151.988000	13.227420	13.227420
17.489521	17.496770	17.139390	5.636073	-0.007249	166.060790	166.060800	5.126830	5.126830
17.297113	17.306490	20.580920	1.412387	-0.009377	241.520180	241.520200	14.417885	14.417880
16.675024	16.843580	16.174620	7.405018	-0.168556	141.077580	141.077600	4.237810	4.237810
17.468899	17.470820	14.958890	22.603060	-0.001921	214.727620	214.727600	13.814500	13.814500
17.090521	17.237340	14.908550	27.778140	-0.146819	171.213200	171.213200	14.795790	14.795790
15.116281	15.134850	17.618520	10.124980	-0.018569	198.331570	198.331600	10.193920	10.193920
16.604158	16.623060	17.483860	2.517623	-0.018902	175.114000	175.114000	15.401220	15.401220
17.126219	17.152700	16.861260	10.986900	-0.026481	167.623410	167.623400	13.766150	13.766150
16.270000	25.114420	17.760740	10.620110	-8.844420	155.333400	155.333400	12.175700	12.175700
15.004477	15.032220	18.073700	4.371882	-0.027743	168.250880	168.250900	7.861860	7.861860
16.428560	16.459130	18.072290	9.174234	-0.030570	141.910820	141.910800	11.620720	11.620720
15.814558	15.870600	15.035270	17.419570	-0.056042	234.833470	234.833500	15.384330	15.384330
16.414387	16.588170	18.205770	3.850341	-0.173783	146.012120	146.012100	9.374210	9.374210
17.565344	21.480130	17.121230	4.094360	-3.914786	211.351520	211.351500	15.578614	15.578610
16.859774	16.900590	18.284560	6.472087	-0.040816	146.670500	146.670500	14.197766	14.197770
16.349669	16.436660	16.330580	17.408590	-0.086991	176.190410	176.190400	9.212990	9.212990
15.400000	25.114490	16.929420	5.435933	-9.714490	220.761800	220.761800	4.765670	4.765670
17.572855	17.588060	17.065980	18.612080	-0.015205	216.136490	216.136500	13.799080	13.799080
17.326651	17.334240	15.185300	23.396970	-0.007589	165.079710	165.079700	6.241560	6.241560
16.678772	16.696810	16.274110	13.302340	-0.018038	140.007260	140.007300	7.056240	7.056240
15.050857	15.103410	17.680660	11.131730	-0.052553	156.167130	156.167100	14.756765	14.756770
17.511885	17.576410	18.209610	6.691481	-0.064525	239.357540	239.357500	15.908513	15.908510
17.529774	17.607720	15.249720	18.852860	-0.077946	240.065100	240.065100	15.769222	15.769220
17.000000	17.178480	16.846450	2.695233	-0.178480	123.909170	123.909200	5.256110	5.256110
16.184752	16.184770	21.754180	1.606220	-0.000018	178.433400	178.433400	7.792420	7.792420
16.860220	16.871600	15.719130	11.763430	-0.011380	198.432300	198.432300	12.771330	12.771330
17.561300	21.893830	17.151740	12.281410	-4.332530	214.284650	214.284700	13.687100	13.687100
15.642498	15.721360	16.365980	8.374804	-0.078862	221.868500	221.868500	12.764990	12.764990
17.201139	17.341420	17.973340	6.897064	-0.140281	174.806420	174.806400	15.037690	15.037690
17.594997	17.607660	16.140800	16.233230	-0.012663	242.693170	242.693200	9.541310	9.541310
14.866289	15.252160	14.378430	13.077020	-0.385871	208.911460	208.911500	4.985060	4.985060
17.136396	17.150060	16.918340	8.684059	-0.013664	128.212590	128.212600	14.291823	14.291820
17.135733	17.159930	17.068040	13.592320	-0.024197	176.373380	176.373400	10.201640	10.201640
17.477207	17.488410	13.921460	20.418460	-0.011203	219.787870	219.787900	4.551810	4.551810
17.319481	17.390910	16.570540	3.480772	-0.071429	120.075910	120.075900	13.548415	13.548420
17.000000	19.037710	17.291030	9.498234	-2.037710	197.346580	197.346600	6.996330	6.996330
17.600307	17.708400	17.381260	7.520653	-0.108093	144.502750	144.502700	6.924370	6.924370
17.608721	21.370840	18.281920	6.137287	-3.762119	246.961970	246.962000	13.586630	13.586630
16.803917	16.846380	17.625300	8.641499	-0.042463	168.064320	168.064300	8.628677	8.628677
17.690994	17.843100	15.287470	10.303800	-0.152106	210.196660	210.196700	9.560349	9.560349
17.329931	18.439990	17.756260	9.231518	-1.110059	121.803500	121.803500	7.017060	7.017060
17.507994	17.516320	16.677860	13.696010	-0.008326	213.321040	213.321000	14.027100	14.027100
15.305080	21.240390	14.901800	10.826780	-5.935310	203.939700	203.939700	8.969070	8.969070
17.611593	17.625960	17.342790	11.392570	-0.014367	210.813780	210.813800	9.429160	9.429160
17.463930	17.607390	16.379110	12.747960	-0.143460	166.433655	166.433700	6.217487	6.217487
17.666803	17.668630	14.172310	15.465900	-0.001827	242.112630	242.112600	10.896037	10.896040
17.564449	17.564870	17.455350	5.304419	-0.000421	220.466540	220.466500	5.922440	5.922440
17.357861	17.361210	16.075870	3.682700	-0.003349	167.284170	167.284200	4.060000	4.060000
16.954691	16.967690	14.086360	19.632010	-0.012999	176.733070	176.733100	15.940080	15.940080
17.623552	18.050610	16.802640	17.050300	-0.427058	143.303830	143.303800	10.331670	10.331670
17.452456	17.465150	17.723290	4.006040	-0.012694	209.324370	209.324400	6.182230	6.182230
17.436430	17.436890	16.348070	10.685750	-0.000460	241.167540	241.167500	14.628786	14.628790
16.523714	16.546750	14.262870	23.934780	-0.023036	159.391775	159.391800	12.464972	12.464970
16.226181	16.228960	17.916510	6.347024	-0.002779	217.418550	217.418500	4.062370	4.062370
17.553404	25.128090	16.038230	10.604540	-7.574686	242.180393	242.180400	10.367187	10.367190
16.755341	16.843120	20.869940	1.276117	-0.087779	175.985580	175.985600	11.940580	11.940580
17.328421	17.379910	17.032400	16.426370	-0.051489	209.137830	209.137800	8.609234	8.609234
17.163366	17.343080	17.020780	7.473492	-0.179714	150.571790	150.571800	4.960890	4.960890
17.191334	17.205760	17.969030	3.581551	-0.014426	159.127590	159.127600	5.017330	5.017330
17.356386	17.449460	16.780030	13.772270	-0.093074	233.282790	233.282800	10.918110	10.918110
17.865715	17.870710	16.558550	5.306585	-0.004995	210.866300	210.866300	12.162541	12.162540
17.294714	17.369050	14.361640	28.204760	-0.074336	120.624100	120.624100	9.462021	9.462021
16.825819	16.833740	17.290440	13.026700	-0.007921	148.047250	148.047300	8.736320	8.736320
17.043442	17.061600	19.492320	1.480275	-0.018158	146.482850	146.482800	5.049550	5.049550
15.824810	15.844860	15.607660	17.334480	-0.020050	134.848330	134.848300	11.135280	11.135280
17.273741	17.274910	16.955060	6.933752	-0.001169	176.525740	176.525700	10.871190	10.871190
15.191905	15.195720	16.853630	16.104070	-0.003815	136.642880	136.642900	6.303810	6.303810
16.835354	19.500220	14.796060	15.964390	-2.664866	143.463670	143.463700	10.159410	10.159410
17.761316	21.798870	17.316720	8.881365	-4.037554	240.941640	240.941600	11.742193	11.742190
17.439228	17.443450	14.301250	18.329440	-0.004222	224.580520	224.580500	9.075745	9.075745
17.676958	17.690470	15.565130	8.836094	-0.013512	236.155490	236.155500	10.630524	10.630520
17.743206	17.747250	17.597580	7.181368	-0.004044	209.258300	209.258300	7.113147	7.113147
17.693916	25.114280	16.813940	11.240040	-7.420364	120.550570	120.550600	8.938131	8.938130
17.451157	17.460760	14.999570	25.189500	-0.009603	170.778330	170.778300	13.886830	13.886830
16.656706	16.657460	13.744970	25.857640	-0.000754	233.694120	233.694100	12.447246	12.447250
17.383585	21.412030	13.792640	24.741270	-4.028445	228.424250	228.424300	6.934254	6.934254
17.363001	17.383900	17.177000	13.351750	-0.020899	129.925540	129.925500	5.383506	5.383506
17.704601	17.740430	17.879840	6.286309	-0.035829	206.359080	206.359100	7.609723	7.609723
17.742912	17.794610	15.465490	9.898407	-0.051698	142.561650	142.561600	8.283070	8.283070
17.045038	17.073770	17.272110	13.457570	-0.028732	143.347530	143.347500	9.488250	9.488250
17.951818	17.952300	16.056090	18.759970	-0.000482	174.969370	174.969400	8.325420	8.325420
17.478586	22.955640	18.265770	7.918070	-5.477054	234.952080	234.952100	8.446110	8.446110
16.888191	19.956630	17.780630	6.258446	-3.068439	161.360250	161.360200	13.444810	13.444810
17.827053	17.876920	17.604270	7.509336	-0.049867	208.059150	208.059100	8.923880	8.923880
17.558966	17.731800	23.560560	2.970139	-0.172834	121.035490	121.035500	8.992288	8.992288
17.308287	17.417410	17.318340	8.049924	-0.109123	121.154654	121.154700	5.358858	5.358858
17.936008	20.250390	16.635310	11.926780	-2.314382	173.596690	173.596700	15.667340	15.667340
17.852850	17.863260	16.063260	9.904211	-0.010410	171.103210	171.103200	14.203080	14.203080
15.424296	15.455470	15.382490	17.060190	-0.031174	173.581460	173.581500	13.322000	13.322000
16.802231	16.849330	18.479550	7.748421	-0.047099	153.554430	153.554400	15.861728	15.861730
17.949120	17.956860	13.007330	32.356940	-0.007740	176.357610	176.357600	9.514880	9.514880
17.940073	17.947840	17.187230	9.015199	-0.007767	214.680870	214.680900	13.585920	13.585920
15.946303	18.338680	17.196310	18.467870	-2.392377	234.592080	234.592100	12.960830	12.960830
16.828535	18.887820	16.578440	5.415012	-2.059285	155.861380	155.861400	12.815530	12.815530
17.077227	17.087640	17.283280	12.333170	-0.010413	234.839780	234.839800	13.692195	13.692190
17.431398	17.437520	14.719800	12.581260	-0.006122	152.372890	152.372900	9.176080	9.176080
17.908278	17.923310	14.279930	18.823930	-0.015032	153.287370	153.287400	13.422060	13.422060
16.830170	16.850610	18.394580	18.022410	-0.020440	195.674090	195.674100	5.958370	5.958370
18.043507	18.070870	14.691800	13.738100	-0.027363	177.706260	177.706300	7.074670	7.074670
17.907566	17.915860	16.819130	12.910130	-0.008294	169.100550	169.100600	5.731320	5.731320
17.250284	17.252680	18.328500	3.546435	-0.002396	205.984530	205.984500	6.703777	6.703777
16.668636	16.688410	17.002480	10.798220	-0.019774	170.030440	170.030400	7.335730	7.335730
17.712555	17.713670	20.474010	1.581790	-0.001115	213.428830	213.428800	13.987120	13.987120
17.151146	17.231360	16.759930	9.484542	-0.080214	243.545100	243.545100	9.903453	9.903453
17.872669	17.876980	17.801880	5.710902	-0.004311	233.381230	233.381200	11.745794	11.745790
17.789501	20.697070	17.714050	14.508710	-2.907569	120.727830	120.727800	14.425280	14.425280
16.900570	16.962720	17.206780	4.356913	-0.062150	151.888300	151.888300	13.106560	13.106560
17.182375	17.280950	20.384070	1.791181	-0.098575	139.062040	139.062000	6.341250	6.341250
17.349550	17.354130	18.595110	4.788353	-0.004580	146.833120	146.833100	12.396500	12.396500
17.707809	17.813610	13.911710	32.214290	-0.105801	121.663940	121.663900	7.909028	7.909029
17.228813	17.247760	15.512390	12.645880	-0.018947	176.017270	176.017300	5.234110	5.234110
17.865265	18.037960	17.816990	2.863870	-0.172695	217.202210	217.202200	6.715420	6.715420
17.840317	17.913070	18.301210	6.025733	-0.072753	131.739310	131.739300	12.884131	12.884130
16.497513	16.526870	14.977250	12.932110	-0.029357	119.845590	119.845600	9.618317	9.618317
17.082323	17.097450	18.136120	6.104108	-0.015127	143.359860	143.359900	10.011430	10.011430
17.657892	17.658730	18.187240	2.969901	-0.000838	120.485870	120.485900	8.125941	8.125941
18.165993	18.177160	13.099660	42.024950	-0.011167	209.230540	209.230500	13.408950	13.408950
17.376507	17.401400	12.824190	32.907490	-0.024893	135.946460	135.946500	5.806680	5.806680
16.986187	17.018830	18.435330	5.709309	-0.032643	147.404330	147.404300	9.495080	9.495080
17.403988	19.287970	15.706910	5.705965	-1.883982	197.276960	197.277000	5.243110	5.243110
17.149265	17.183460	14.749010	30.605950	-0.034195	144.374920	144.374900	9.552170	9.552170
18.087748	18.096540	17.269580	4.758626	-0.008792	211.882940	211.882900	15.867494	15.867490
17.914577	17.918690	15.382250	1.136020	-0.004113	235.239830	235.239800	10.446755	10.446760
18.095333	18.108630	15.559580	8.819650	-0.013297	214.656740	214.656700	13.709650	13.709650
17.692492	17.700840	17.632610	6.672596	-0.008348	226.055710	226.055700	10.912110	10.912110
16.970875	16.977340	15.338760	16.233530	-0.006465	146.910960	146.911000	7.018030	7.018030
17.756721	17.776270	23.088580	1.314772	-0.019549	176.750650	176.750700	7.324200	7.324200
17.520836	17.524840	22.690150	1.314940	-0.004004	169.338180	169.338200	15.954064	15.954060
16.093935	16.102790	21.743840	1.311633	-0.008855	220.329930	220.329900	7.792996	7.792996
17.436304	17.448020	15.190300	11.546780	-0.011716	226.435370	226.435400	11.208360	11.208360
15.245593	15.294360	19.251340	7.929473	-0.048767	148.873750	148.873700	8.390632	8.390633
18.079889	18.162800	17.352350	7.993719	-0.082911	213.169110	213.169100	14.515800	14.515800
17.336529	17.353530	17.420770	5.843214	-0.017001	139.312220	139.312200	4.133690	4.133690
14.510411	21.805520	16.250970	4.927700	-7.295109	162.896670	162.896700	4.583060	4.583060
17.161398	17.181050	17.651210	11.220150	-0.019652	161.761510	161.761500	13.567080	13.567080
17.745598	17.786950	16.735350	24.323880	-0.041352	129.601360	129.601400	14.055668	14.055670
18.086077	18.116740	15.829530	6.582942	-0.030663	155.769330	155.769300	11.122030	11.122030
17.520899	17.534350	13.415440	50.416240	-0.013451	243.820940	243.820900	13.025855	13.025860
17.274548	17.354090	13.736440	18.306670	-0.079542	134.604240	134.604200	6.335040	6.335040
17.947908	17.981170	15.832100	10.337860	-0.033262	175.565170	175.565200	10.222920	10.222920
17.362572	17.653000	15.428420	15.414560	-0.290428	239.931147	239.931200	14.117689	14.117690
18.002991	20.807290	17.550420	11.440790	-2.804299	137.344260	137.344300	12.008668	12.008670
18.217939	18.256090	22.585230	0.898871	-0.038151	209.680580	209.680600	6.500959	6.500959
18.064030	18.098520	15.440270	6.722075	-0.034490	241.294240	241.294200	14.943457	14.943460
17.856255	17.858650	14.557850	20.570870	-0.002395	127.714400	127.714400	12.501063	12.501060
15.954967	19.014510	18.144420	6.298577	-3.059543	127.840170	127.840200	7.000030	7.000030
18.140066	18.173600	14.359190	11.782730	-0.033534	239.104210	239.104200	15.755653	15.755650
17.838018	17.855210	14.630450	14.246530	-0.017192	164.574820	164.574800	4.660730	4.660730
16.057312	16.061240	13.728160	32.847510	-0.003928	144.843020	144.843000	4.952390	4.952390
16.930984	16.940450	15.045170	18.097540	-0.009466	131.551910	131.551900	7.267060	7.267060
17.552361	17.558820	14.255350	19.439510	-0.006459	219.089310	219.089300	15.250019	15.250020
17.703125	17.709550	15.198270	10.704240	-0.006425	152.929650	152.929700	5.053780	5.053780
17.100000	20.800130	17.241020	4.301331	-3.700130	159.469120	159.469100	13.721000	13.721000
18.069082	18.141690	13.143510	26.306830	-0.072608	135.943760	135.943800	12.734658	12.734660
17.795498	17.813100	16.434350	15.354030	-0.017602	140.020940	140.020900	4.480470	4.480470
17.783712	17.800360	18.674020	7.920519	-0.016648	159.191290	159.191300	4.080750	4.080750
17.125322	17.141120	14.608000	30.501850	-0.015798	144.258510	144.258500	9.102690	9.102690
15.962551	21.573810	17.563360	11.342400	-5.611259	216.794520	216.794500	5.137170	5.137170
17.510912	17.539980	15.681380	11.656590	-0.029068	167.176870	167.176900	14.925120	14.925120
17.130423	17.163340	16.257910	14.919870	-0.032917	146.977040	146.977000	9.512720	9.512720
16.252628	16.919760	18.103460	8.629882	-0.667132	234.738860	234.738900	12.549170	12.549170
16.105125	20.354210	21.777060	1.002072	-4.249085	218.663330	218.663300	4.262780	4.262780
18.186026	18.194820	15.865000	4.371440	-0.008794	153.829278	153.829300	12.991585	12.991580
17.228163	22.859780	18.623850	2.970202	-5.631617	143.085500	143.085500	10.099830	10.099830
18.220976	18.422930	18.746630	2.970074	-0.201954	210.670910	210.670900	8.249791	8.249791
17.746012	17.752140	18.244790	7.734009	-0.006128	151.245290	151.245300	5.364670	5.364670
17.789976	17.795560	13.091620	42.973030	-0.005584	177.300960	177.301000	12.631580	12.631580
17.377729	17.390660	17.983330	8.266151	-0.012931	176.537330	176.537300	12.879610	12.879610
17.346430	17.375980	12.892710	16.435690	-0.029550	172.462630	172.462600	11.970250	11.970250
17.438921	17.566240	13.875490	21.564250	-0.127319	150.543280	150.543300	11.643470	11.643470
17.073294	17.180860	17.029530	19.393010	-0.107566	144.999040	144.999000	10.457280	10.457280
18.051600	18.075550	14.682820	9.498019	-0.023950	120.913550	120.913600	8.910003	8.910003
15.813490	21.272980	17.510950	4.648404	-5.459490	241.509110	241.509100	8.506760	8.506760
15.411056	21.180630	21.918940	2.971012	-5.769574	137.045000	137.045000	5.927780	5.927780
17.842314	17.847100	14.403610	22.572830	-0.004786	152.643920	152.643900	5.232910	5.232910
17.912521	17.919660	17.910930	2.957571	-0.007139	220.875110	220.875100	7.786800	7.786800
17.933662	22.160490	16.764180	23.797860	-4.226828	122.641460	122.641500	7.027190	7.027190
18.033537	18.079570	11.330920	53.392100	-0.046033	209.586120	209.586100	6.509110	6.509110
18.121733	18.382670	15.426660	24.984260	-0.260937	172.756450	172.756500	14.566990	14.566990
17.202852	17.226530	22.917270	2.970265	-0.023678	159.236500	159.236500	13.934220	13.934220
18.293640	18.305390	14.061590	17.022110	-0.011750	148.847830	148.847800	5.314830	5.314830
17.227182	17.298010	17.282710	13.194690	-0.070828	176.181170	176.181200	11.207310	11.207310
17.748549	23.343630	14.999300	19.544230	-5.595081	151.463670	151.463700	5.006220	5.006220
18.213047	21.249770	12.917800	22.258890	-3.036723	241.542720	241.542700	12.820294	12.820290
15.500807	15.662840	18.063590	10.327870	-0.162033	140.248420	140.248400	11.059220	11.059220
17.366680	17.431260	22.347630	1.695339	-0.064580	131.824580	131.824600	10.042658	10.042660
16.073050	16.107660	16.920830	6.746291	-0.034610	167.605110	167.605100	10.125320	10.125320
18.092556	18.096870	16.121540	14.924560	-0.004314	239.979230	239.979200	7.987860	7.987860
17.981112	17.981580	17.673310	15.418010	-0.000468	212.199080	212.199100	13.018720	13.018720
17.353031	17.377090	16.967550	11.925530	-0.024059	164.898470	164.898500	14.735500	14.735500
17.199928	17.222960	13.936190	13.020130	-0.023032	162.035580	162.035600	14.854580	14.854580
17.782442	17.819110	18.799570	8.930876	-0.036668	228.966320	228.966300	8.048088	8.048088
17.465092	17.496350	19.050430	2.969435	-0.031258	166.383470	166.383500	12.362020	12.362020
17.514486	17.522920	18.205270	6.359112	-0.008434	240.417950	240.418000	13.577730	13.577730
17.941248	18.061770	19.937390	1.379347	-0.120522	121.753330	121.753300	6.198920	6.198920
17.436356	17.445630	23.910180	2.970439	-0.009274	144.589050	144.589100	9.895460	9.895460
18.101519	18.109700	18.251490	8.694219	-0.008181	120.575570	120.575600	15.451955	15.451950
17.766884	17.781000	22.007380	1.458034	-0.014116	197.448870	197.448900	4.249880	4.249880
18.001535	18.011180	21.875200	1.463390	-0.009645	152.417920	152.417900	5.285980	5.285980
16.862524	16.864230	22.091270	1.601134	-0.001706	144.035790	144.035800	6.257060	6.257060
17.194893	17.267080	14.778400	9.886953	-0.072187	177.764600	177.764600	7.693720	7.693720
17.965933	18.005410	21.472030	1.371049	-0.039477	133.939241	133.939200	15.674353	15.674350
18.115026	18.210800	13.450560	30.563610	-0.095774	210.137120	210.137100	8.994931	8.994931
18.151766	20.505860	19.110760	5.721169	-2.354094	120.121130	120.121100	13.308440	13.308440
17.351135	17.366360	17.387760	4.050011	-0.015225	147.332600	147.332600	9.920470	9.920470
18.356388	18.360980	22.494780	1.095433	-0.004592	239.562870	239.562900	12.115776	12.115780
18.184795	18.185050	12.667820	35.051230	-0.000255	120.945270	120.945300	9.711756	9.711756
15.446648	15.449290	23.379880	2.970044	-0.002642	151.036340	151.036300	6.510480	6.510480
18.002903	20.832910	14.187080	15.909360	-2.830007	237.017300	237.017300	4.242431	4.242431
16.151714	16.161460	16.809720	18.774820	-0.009746	212.406880	212.406900	5.096270	5.096270
17.651094	20.603960	17.902440	12.828290	-2.952866	232.737940	232.737900	11.285360	11.285360
17.549459	17.612030	18.319390	7.793684	-0.062571	150.966040	150.966000	11.100000	11.100000
18.223656	18.440960	17.251980	20.636310	-0.217304	236.733210	236.733200	13.458824	13.458820
17.952242	17.980760	29.934270	4.584384	-0.028518	118.927790	118.927800	9.631073	9.631073
18.091993	23.139100	19.103250	8.925510	-5.047107	121.640850	121.640800	7.782276	7.782276
17.849461	18.054140	15.283200	12.936170	-0.204679	145.226943	145.226900	15.074610	15.074610
17.200052	17.205210	18.038460	10.009150	-0.005158	147.626290	147.626300	8.360030	8.360030
16.782192	16.784440	18.439210	9.623187	-0.002248	236.406250	236.406300	4.182500	4.182500
17.532618	17.547160	18.666960	10.409080	-0.014542	158.070270	158.070300	15.621745	15.621750
17.977743	17.982380	14.639280	15.395650	-0.004637	234.545390	234.545400	14.027207	14.027210
17.988400	17.994340	17.751000	6.181642	-0.005940	209.612350	209.612400	14.531040	14.531040
18.299543	18.300730	17.312240	17.851400	-0.001187	211.561632	211.561600	13.010688	13.010690
17.272375	17.788200	15.841520	24.763700	-0.515825	150.712580	150.712600	14.553240	14.553240
18.225145	18.230040	24.911000	4.583773	-0.004895	147.084530	147.084500	15.848564	15.848560
16.491903	16.593400	20.406980	1.908123	-0.101497	220.871600	220.871600	4.531500	4.531500
17.835068	17.839530	18.000590	1.768811	-0.004462	137.316670	137.316700	4.113150	4.113150
18.576996	18.589780	15.302950	10.132540	-0.012784	243.443270	243.443300	9.633552	9.633552
17.760040	17.772260	16.617490	7.436310	-0.012220	233.689350	233.689300	8.156910	8.156910
18.360277	18.378650	16.356570	8.177140	-0.018373	241.207300	241.207300	14.877864	14.877860
18.099159	18.112710	17.413090	14.900970	-0.013551	228.532280	228.532300	6.917886	6.917886
16.552938	17.051990	17.388910	18.431400	-0.499052	231.047740	231.047700	7.488236	7.488235
17.787634	17.812170	16.378000	18.547950	-0.024536	138.913080	138.913100	13.582500	13.582500
16.214163	20.761320	18.828010	8.434765	-4.547157	169.938602	169.938600	15.502241	15.502240
17.958521	18.123790	14.467140	13.191650	-0.165269	131.831850	131.831800	5.897930	5.897930
17.637142	17.674790	17.253590	21.854140	-0.037648	143.407420	143.407400	8.463880	8.463880
17.969538	18.000390	17.254970	6.297118	-0.030852	133.473920	133.473900	13.569548	13.569550
17.993473	18.005290	18.362780	8.510722	-0.011817	148.502520	148.502500	8.777460	8.777460
17.585697	17.608770	15.067090	16.349890	-0.023073	162.340490	162.340500	12.905600	12.905600
17.910383	17.937720	16.823680	15.440800	-0.027337	199.099760	199.099800	12.522270	12.522270
18.157146	18.187910	18.184050	11.780190	-0.030764	120.165310	120.165300	8.461042	8.461042
18.153336	18.161470	16.339450	8.055439	-0.008134	124.219170	124.219200	5.647030	5.647030
18.012169	21.737610	16.931920	20.707160	-3.725441	120.246639	120.246600	8.926176	8.926176
18.147224	18.152400	15.869130	26.418360	-0.005176	135.261600	135.261600	11.553727	11.553730
17.271544	17.301680	22.749770	1.256783	-0.030136	161.188850	161.188800	7.998810	7.998810
17.714569	17.913640	14.049730	22.637550	-0.199071	161.724950	161.724900	13.779380	13.779380
18.412020	18.414560	18.111980	11.327630	-0.002540	210.293139	210.293100	5.726683	5.726683
17.745146	17.775650	14.971990	14.417750	-0.030504	141.162830	141.162800	11.329140	11.329140
18.217979	20.067440	14.339000	12.733340	-1.849461	176.277800	176.277800	9.501423	9.501423
18.136705	18.176840	16.764470	11.097550	-0.040135	241.404970	241.405000	13.492116	13.492120
17.583063	17.718080	17.867470	2.969877	-0.135017	162.944490	162.944500	13.976540	13.976540
17.785704	17.792860	22.718560	1.380311	-0.007156	176.664140	176.664100	14.560420	14.560420
16.626057	16.633900	18.513630	4.151502	-0.007843	231.935370	231.935400	9.699120	9.699120
17.731703	19.796000	15.277810	13.449900	-2.064297	145.752230	145.752200	9.474516	9.474516
18.648079	18.695970	17.384980	5.461467	-0.047891	177.955066	177.955100	5.531413	5.531414
18.452728	18.463920	16.795400	7.756862	-0.011192	120.436350	120.436300	15.585960	15.585960
16.877394	16.903660	17.246950	12.416940	-0.026266	239.153510	239.153500	6.194060	6.194060
17.650000	21.067330	17.894900	14.581870	-3.417330	168.497080	168.497100	11.328890	11.328890
15.688987	20.850610	19.105380	2.969535	-5.161623	157.805440	157.805400	4.472530	4.472530
17.799435	17.814780	17.647840	11.582690	-0.015345	176.513260	176.513300	14.643800	14.643800
16.349726	16.372060	16.339110	31.273230	-0.022334	162.236960	162.237000	12.194920	12.194920
15.701874	15.730240	20.897180	2.365305	-0.028366	169.109500	169.109500	4.336500	4.336500
16.954178	21.109430	20.602490	1.634131	-4.155252	131.740310	131.740300	13.431331	13.431330
16.750608	16.798440	16.470910	15.865980	-0.047832	219.935250	219.935300	5.353310	5.353310
16.605555	16.607970	17.912860	3.853020	-0.002415	146.245500	146.245500	8.369870	8.369870
18.029264	19.566720	17.066880	5.701772	-1.537456	138.716874	138.716900	7.246460	7.246460
15.060133	15.071240	16.788700	14.163330	-0.011107	171.795560	171.795600	8.731027	8.731028
16.600000	21.053120	23.297820	1.216477	-4.453120	152.322370	152.322400	5.404080	5.404080
17.522943	17.670270	23.271600	0.869829	-0.147327	155.914000	155.914000	12.623780	12.623780
16.698761	16.705460	16.246690	4.580022	-0.006699	118.453491	118.453500	10.148148	10.148150
18.242634	20.650180	16.443690	13.896560	-2.407546	131.895150	131.895200	11.725420	11.725420
17.942394	17.993650	17.664030	13.132680	-0.051256	176.239750	176.239700	13.387490	13.387490
18.806608	19.094400	15.259790	34.873470	-0.287792	208.475553	208.475600	9.504607	9.504607
17.603041	21.946850	15.782740	15.567300	-4.343809	176.600340	176.600300	13.827450	13.827450
16.848499	23.247000	15.257930	15.225310	-6.398501	145.712250	145.712200	4.889920	4.889920
16.646898	16.660330	16.838780	8.137839	-0.013432	170.711140	170.711100	12.344890	12.344890
18.541416	20.621680	13.894770	11.595770	-2.080264	119.841692	119.841700	14.161058	14.161060
18.210245	18.220450	16.397370	19.708920	-0.010205	147.909140	147.909100	10.439710	10.439710
18.300177	18.349350	16.906090	6.968987	-0.049173	120.514450	120.514500	15.710700	15.710700
16.860640	16.865300	20.658450	1.693698	-0.004660	232.187680	232.187700	4.405733	4.405733
15.859325	15.907180	18.073660	8.302291	-0.047855	201.755900	201.755900	10.056390	10.056390
17.026316	21.809970	24.647160	2.970258	-4.783654	233.782900	233.782900	12.337069	12.337070
18.150480	18.161830	14.813180	32.019730	-0.011350	141.294500	141.294500	11.533000	11.533000
17.716574	17.721140	20.435600	4.530814	-0.004566	161.129210	161.129200	13.711200	13.711200
18.946510	18.991800	19.668120	4.480659	-0.045290	242.584291	242.584300	10.142668	10.142670
17.274063	17.407160	17.944570	14.771740	-0.133097	181.018080	181.018100	4.813080	4.813080
18.089216	18.105610	19.076940	3.269895	-0.016394	176.183560	176.183600	15.027780	15.027780
17.736982	17.779170	14.088760	34.345360	-0.042188	157.925450	157.925400	12.282400	12.282400
18.624020	20.525650	16.707870	4.591127	-1.901630	235.768396	235.768400	11.743566	11.743570
17.969292	18.873220	16.662600	21.408660	-0.903928	158.129080	158.129100	14.650580	14.650580
16.474543	16.591870	17.194640	14.669010	-0.117327	162.321760	162.321800	12.421760	12.421760
18.099234	18.153170	17.650620	8.020284	-0.053936	143.255450	143.255400	10.329280	10.329280
15.733556	19.322950	13.764040	29.081880	-3.589394	162.579010	162.579000	13.271860	13.271860
17.465965	17.466230	20.392110	1.494224	-0.000265	142.585740	142.585700	13.458285	13.458290
18.189264	18.189400	14.541200	14.223130	-0.000136	234.046110	234.046100	7.856960	7.856960
17.658445	17.720020	21.003360	1.831037	-0.061575	138.956080	138.956100	9.647360	9.647360
18.551420	18.556570	18.107450	13.116350	-0.005150	150.141101	150.141100	12.023968	12.023970
18.167152	18.179770	13.457410	46.432210	-0.012618	176.994340	176.994300	13.910680	13.910680
17.374346	17.466000	18.337950	13.268230	-0.091654	156.674920	156.674900	11.897220	11.897220
17.949369	17.963240	17.829190	10.164020	-0.013871	146.880830	146.880800	10.492110	10.492110
18.521206	18.571890	16.490420	13.401270	-0.050684	227.691541	227.691500	7.187135	7.187135
18.005384	18.043090	18.502680	8.203764	-0.037706	147.915805	147.915800	11.301864	11.301860
17.480734	17.615500	15.218040	9.412987	-0.134766	120.932930	120.932900	10.149254	10.149250
17.996260	18.025970	21.002420	1.391538	-0.029710	169.911080	169.911100	11.445360	11.445360
18.366331	18.374330	12.694430	51.431180	-0.007999	147.045390	147.045400	14.553672	14.553670
16.586048	22.971040	17.221380	18.261340	-6.384992	209.420580	209.420600	15.373490	15.373490
17.891077	17.922490	20.019870	1.447409	-0.031413	150.244040	150.244000	11.754060	11.754060
17.735224	17.743490	13.214210	26.785540	-0.008266	151.777150	151.777100	12.897600	12.897600
18.851061	18.870230	15.958410	8.173056	-0.019169	220.309192	220.309200	6.201587	6.201587
17.080322	17.543160	12.704230	52.287410	-0.462838	222.594310	222.594300	11.403920	11.403920
16.320040	16.334770	19.972610	1.637072	-0.014730	157.920090	157.920100	13.834930	13.834930
17.161858	19.924490	18.156530	9.676644	-2.762632	235.824680	235.824700	13.797390	13.797390
19.112032	19.274440	17.494660	11.036170	-0.162408	238.705449	238.705400	15.937424	15.937420
18.430666	18.435480	18.284230	3.863591	-0.004814	136.627115	136.627100	5.186354	5.186354
17.504679	17.504740	17.850740	7.856157	-0.000061	120.325829	120.325800	7.511758	7.511758
18.147478	18.162470	18.260610	2.970013	-0.014992	176.029090	176.029100	13.340870	13.340870
15.600000	22.680090	17.478890	16.830130	-7.080090	160.235670	160.235700	12.472030	12.472030
18.465872	18.622920	17.287260	14.839100	-0.157048	146.984722	146.984700	14.403683	14.403680
18.231842	18.248120	19.111810	6.413054	-0.016278	141.100770	141.100800	11.984680	11.984680
17.000132	17.225730	17.369140	8.175093	-0.225598	145.234580	145.234600	5.044610	5.044610
17.166483	17.193540	18.560400	10.074090	-0.027057	130.500230	130.500200	10.514728	10.514730
19.123358	19.789040	12.728430	31.977500	-0.665682	241.865628	241.865600	10.140357	10.140360
18.704472	19.557100	22.974130	1.168397	-0.852628	201.709071	201.709100	4.675821	4.675821
18.943895	18.947370	18.813390	7.863615	-0.003475	120.125399	120.125400	12.063510	12.063510
18.269150	18.283060	18.370420	11.656220	-0.013910	144.673857	144.673900	8.107844	8.107844
18.122673	18.154840	13.722460	27.710900	-0.032167	146.425280	146.425300	6.869910	6.869910
18.223175	18.258420	19.816320	1.349502	-0.035245	157.168680	157.168700	15.220495	15.220500
16.344604	20.154870	17.849900	15.921160	-3.810266	157.232470	157.232500	9.863180	9.863180
18.171675	20.388620	18.239730	6.655893	-2.216945	176.342100	176.342100	9.162140	9.162140
18.130287	18.143370	13.717710	45.910360	-0.013083	143.389560	143.389600	10.387320	10.387320
17.401392	17.410600	14.788920	28.323510	-0.009208	143.092340	143.092300	7.302290	7.302290
18.302559	18.308230	21.910790	2.969787	-0.005671	216.618533	216.618500	13.027719	13.027720
19.165455	19.611190	15.892380	27.042950	-0.445735	246.884156	246.884200	13.584177	13.584180
18.819370	18.844040	12.785780	59.762280	-0.024670	215.244067	215.244100	13.265993	13.265990
17.966030	18.088350	21.073320	1.383722	-0.122320	155.859750	155.859800	12.595140	12.595140
17.159550	18.338600	18.476030	3.020028	-1.179050	222.143420	222.143400	5.431250	5.431250
18.274527	18.310650	18.616780	7.429594	-0.036123	165.345184	165.345200	14.925438	14.925440
18.352739	18.366260	12.699640	25.219180	-0.013521	143.708500	143.708500	10.067040	10.067040
18.285587	18.319440	17.741440	43.768280	-0.033853	142.067370	142.067400	11.077060	11.077060
16.168076	16.179810	12.398060	39.937610	-0.011734	208.332580	208.332600	5.771640	5.771640
17.315300	17.449340	16.038580	11.594290	-0.134040	134.683024	134.683000	7.442186	7.442186
18.225365	18.238200	11.871310	31.093850	-0.012835	176.317420	176.317400	13.872560	13.872560
17.851927	17.874840	17.767190	13.543170	-0.022913	165.320610	165.320600	6.072730	6.072730
16.569407	16.580300	19.179330	1.660944	-0.010893	161.290970	161.291000	15.449847	15.449850
16.899801	17.049230	15.396410	41.245120	-0.149429	204.010830	204.010800	8.184720	8.184720
16.837519	16.912090	18.085040	2.970037	-0.074571	146.154670	146.154700	10.012880	10.012880
18.666580	22.110340	22.402670	1.290228	-3.443760	197.857059	197.857100	15.530532	15.530530
17.314194	22.690770	21.520920	1.016258	-5.376576	221.338120	221.338100	7.865720	7.865720
17.706209	17.723530	15.990540	6.197896	-0.017321	218.126330	218.126300	8.135830	8.135830
16.953503	17.180220	20.680780	1.766919	-0.226717	215.931940	215.931900	5.876860	5.876860
17.460110	20.841180	20.681700	1.899796	-3.381070	239.060140	239.060100	6.098170	6.098170
17.248106	17.290610	16.235180	20.866200	-0.042504	166.498290	166.498300	7.373640	7.373640
16.734388	16.741210	18.376810	8.130506	-0.006822	147.651040	147.651000	12.809080	12.809080
14.145062	14.572280	20.250060	2.079212	-0.427218	159.099170	159.099200	12.707390	12.707390
16.899719	16.911750	14.348680	19.090800	-0.012031	162.507470	162.507500	13.784770	13.784770
18.463480	18.496290	15.105320	14.510960	-0.032810	164.081329	164.081300	14.866365	14.866360
16.690596	20.512500	18.289320	7.045810	-3.821904	160.772710	160.772700	13.510390	13.510390
17.292669	22.374310	18.935630	8.578229	-5.081641	218.844940	218.844900	5.276550	5.276550
16.876451	16.942750	17.893230	11.536800	-0.066299	148.530420	148.530400	9.359890	9.359890
19.476589	19.537240	13.338950	26.682840	-0.060651	237.897141	237.897100	8.014642	8.014643
18.220160	18.289700	20.486390	2.060158	-0.069540	131.548196	131.548200	7.049614	7.049614
18.433075	18.525710	17.747150	16.100310	-0.092635	147.855120	147.855100	9.051530	9.051530
18.185863	23.583360	17.544660	1.481509	-5.397497	169.441090	169.441100	7.639190	7.639190
17.941133	18.247040	17.168620	10.506850	-0.305907	150.415440	150.415400	14.992083	14.992080
16.474075	16.976570	23.075610	1.400634	-0.502495	162.657830	162.657800	15.763470	15.763470
19.340645	20.109280	16.750440	18.124850	-0.768635	237.992230	237.992200	11.416981	11.416980
18.455477	18.747860	14.276480	14.885430	-0.292383	177.196006	177.196000	7.257358	7.257358
18.819977	22.992320	20.336130	1.748927	-4.172343	155.058120	155.058100	6.802630	6.802630
18.510145	18.526490	15.256110	16.483630	-0.016345	123.188236	123.188200	14.480286	14.480290
18.771217	18.784060	21.593000	0.608589	-0.012843	198.124745	198.124700	15.321044	15.321040
17.143808	17.647130	22.653750	1.057726	-0.503322	211.334620	211.334600	10.414705	10.414710
13.678949	13.686380	16.971400	17.332730	-0.007431	151.831120	151.831100	10.362730	10.362730
17.408199	17.431320	18.201970	6.206627	-0.023121	148.648790	148.648800	4.385530	4.385530
18.649694	21.232240	17.272910	7.618390	-2.582546	144.193210	144.193200	9.044430	9.044430
16.892046	22.795350	17.592510	14.074160	-5.903304	209.308500	209.308500	4.307310	4.307310
17.840305	17.864010	17.573550	12.354660	-0.023705	142.983080	142.983100	7.536190	7.536190
17.818575	17.916590	18.057540	5.614167	-0.098015	235.486610	235.486600	4.579870	4.579870
17.591595	17.654000	14.126760	20.695330	-0.062405	128.075357	128.075400	7.199140	7.199141
16.931417	16.937190	18.901570	8.809777	-0.005773	173.458580	173.458600	14.824500	14.824500
19.154142	19.209970	18.125270	5.941315	-0.055828	230.185824	230.185800	7.245040	7.245040
17.415262	17.453420	17.658590	2.784209	-0.038158	170.597520	170.597500	11.793920	11.793920
19.230925	19.237380	18.461530	4.092455	-0.006455	135.394473	135.394500	11.332015	11.332020
17.767569	21.577220	25.114380	2.969614	-3.809651	221.601250	221.601300	14.212500	14.212500
19.182947	19.191560	22.274460	1.306652	-0.008613	151.000661	151.000700	15.249927	15.249930
18.478596	24.925540	20.169650	4.284978	-6.446944	151.929303	151.929300	12.370210	12.370210
17.532766	17.555280	14.890840	17.184160	-0.022514	177.770080	177.770100	5.246210	5.246210
17.212599	17.243820	14.714040	25.298090	-0.031221	139.844290	139.844300	14.082446	14.082450
18.218002	18.225950	16.554650	7.369617	-0.007948	218.034512	218.034500	8.169167	8.169168
17.937536	19.644060	16.793550	12.745290	-1.706524	130.635950	130.636000	14.288252	14.288250
18.913315	21.443820	14.608940	12.257090	-2.530505	163.246370	163.246400	7.620216	7.620216
17.795137	17.825050	14.749650	14.649470	-0.029913	145.088040	145.088000	4.735080	4.735080
17.218458	22.054540	16.947090	11.361790	-4.836082	142.466000	142.466000	11.926610	11.926610
18.377985	20.484090	18.037110	8.830861	-2.106105	234.653040	234.653000	13.517570	13.517570
15.366389	22.834890	21.417000	1.809924	-7.468501	151.780420	151.780400	15.984440	15.984440
17.702988	17.705860	17.317580	5.040330	-0.002872	219.593990	219.594000	4.613280	4.613280
19.698730	19.706410	17.989000	6.119186	-0.007680	212.300042	212.300000	13.314792	13.314790
19.386267	23.221900	21.696520	1.551008	-3.835633	120.891066	120.891100	9.125468	9.125467
15.061933	15.096560	14.360100	12.510620	-0.034627	170.730660	170.730700	13.441290	13.441290
17.634100	17.639830	14.953810	32.165500	-0.005730	176.133630	176.133600	6.704015	6.704015
17.768690	20.638480	22.143420	1.011554	-2.869790	169.364460	169.364500	4.604440	4.604440
17.292461	17.349790	21.196710	1.274995	-0.057329	211.768210	211.768200	10.712580	10.712580
19.112530	19.158320	16.148540	17.152930	-0.045790	238.741849	238.741900	14.267590	14.267590
18.139307	18.174710	20.183360	0.950415	-0.035403	238.687800	238.687800	14.584015	14.584010
18.865524	18.936700	22.024040	1.063116	-0.071176	233.054095	233.054100	12.022594	12.022590
16.784647	16.850190	17.384560	19.295930	-0.065543	234.897590	234.897600	13.666575	13.666580
18.023611	18.086000	15.256270	10.319240	-0.062389	218.404930	218.404900	11.217300	11.217300
17.249636	23.091900	18.083150	4.691336	-5.842264	208.045210	208.045200	5.503830	5.503830
18.089251	18.236640	15.821040	31.264220	-0.147389	218.783750	218.783800	13.149140	13.149140
17.877960	22.186070	15.278270	23.091570	-4.308110	233.638220	233.638200	15.133591	15.133590
17.922003	19.980460	16.548070	8.411858	-2.058457	130.089008	130.089000	7.892605	7.892605
18.355860	21.570030	17.721080	9.297385	-3.214170	134.837700	134.837700	4.942000	4.942000
17.523918	18.267480	16.819990	16.908600	-0.743562	148.626960	148.627000	9.870030	9.870030
18.909605	19.092740	18.104900	4.637196	-0.183135	177.268161	177.268200	13.629418	13.629420
18.546717	19.419610	17.884630	11.110340	-0.872893	148.258262	148.258300	7.789808	7.789808
19.919783	19.920490	18.036780	8.715301	-0.000707	139.436676	139.436700	10.504362	10.504360
17.807592	17.818370	12.971410	22.703370	-0.010778	220.114780	220.114800	5.531910	5.531910
19.160400	19.222580	19.496840	2.970028	-0.062180	166.593490	166.593500	7.531487	7.531487
17.794830	17.811860	16.949960	17.388100	-0.017030	171.416690	171.416700	4.676530	4.676530
16.494631	21.633290	14.194310	11.118950	-5.138659	156.443170	156.443200	5.653470	5.653470
18.057707	18.063470	17.729850	8.834399	-0.005763	199.265960	199.266000	6.711640	6.711640
17.252338	20.818110	13.488700	39.379770	-3.565772	154.287580	154.287600	4.344310	4.344310
17.919395	17.933710	17.418900	11.392880	-0.014315	214.281060	214.281100	4.837060	4.837060
16.867790	16.877960	17.439390	10.924830	-0.010170	206.277170	206.277200	6.519567	6.519567
17.510948	17.561160	16.945910	24.058740	-0.050212	170.546120	170.546100	4.661560	4.661560
16.734835	23.487860	13.482550	12.970730	-6.753025	175.577500	175.577500	14.994720	14.994720
18.706783	19.651820	15.555440	18.498700	-0.945037	169.144558	169.144600	4.415417	4.415417
18.244717	18.275270	16.501090	14.593750	-0.030553	231.483700	231.483700	11.410364	11.410360
18.591818	18.592570	16.242810	5.706117	-0.000752	239.010822	239.010800	5.456181	5.456181
17.093014	17.098530	22.765770	0.890203	-0.005516	203.904870	203.904900	14.360950	14.360950
19.694296	23.264500	14.957300	13.906480	-3.570204	139.879632	139.879600	14.162201	14.162200
17.924541	17.958270	14.542100	17.948080	-0.033729	223.180826	223.180800	4.604639	4.604639
14.563763	20.130430	14.721570	24.217370	-5.566667	147.820830	147.820800	7.827500	7.827500
16.749332	16.864300	17.572510	5.409185	-0.114968	208.023490	208.023500	5.765040	5.765040
17.878633	20.619390	17.827630	10.081320	-2.740757	236.452570	236.452600	15.516478	15.516480
18.657391	18.671410	18.463630	4.656783	-0.014019	125.875647	125.875600	15.157606	15.157610
14.597729	14.598530	18.200830	9.643149	-0.000801	175.461000	175.461000	15.973750	15.973750
17.325775	17.330660	18.236840	5.171981	-0.004885	163.500090	163.500100	9.831201	9.831202
19.019491	19.034450	18.019480	13.910790	-0.014959	240.090511	240.090500	11.494978	11.494980
18.366636	21.617310	15.776080	12.582550	-3.250674	239.155728	239.155700	5.968646	5.968646
19.201628	21.607010	17.181270	13.630320	-2.405382	131.275290	131.275300	9.529920	9.529920
16.284733	21.185500	17.821010	11.446120	-4.900767	200.134700	200.134700	5.406870	5.406870
15.748946	15.767330	18.290330	7.249942	-0.018384	160.501540	160.501500	12.334930	12.334930
17.822523	20.172670	14.361250	13.423530	-2.350147	162.326750	162.326800	12.378200	12.378200
17.245636	24.619840	16.710540	3.619968	-7.374204	204.359170	204.359200	7.644440	7.644440
18.408308	18.536760	15.897180	11.543510	-0.128452	222.461265	222.461300	9.941685	9.941685
18.822128	18.861470	19.445210	6.921872	-0.039342	218.485102	218.485100	10.794807	10.794810
18.885714	18.886190	14.266180	28.015480	-0.000476	151.519565	151.519600	7.135159	7.135159
18.078356	18.080650	17.369470	12.403920	-0.002294	217.389230	217.389200	4.170370	4.170370
20.352911	20.448030	16.850460	6.374745	-0.095119	135.661423	135.661400	13.116559	13.116560
14.996778	15.039930	16.849450	8.641397	-0.043152	198.138620	198.138600	7.184280	7.184280
17.047915	17.098410	15.126530	17.986170	-0.050495	161.672160	161.672200	12.327050	12.327050
17.881966	18.133480	17.158340	12.903900	-0.251514	214.722820	214.722800	9.291310	9.291310
18.201052	18.220200	13.323630	21.025000	-0.019148	169.254900	169.254900	4.662280	4.662280
18.544548	22.808160	18.541470	5.785115	-4.263612	120.852770	120.852800	15.138770	15.138770
15.000000	20.540610	15.246250	21.279770	-5.540610	146.182890	146.182900	9.615010	9.615010
18.333750	18.455950	19.607290	1.499506	-0.122200	131.355860	131.355900	15.329457	15.329460
16.147379	16.167460	16.688830	7.399130	-0.020081	163.081290	163.081300	11.043210	11.043210
18.340082	18.378850	14.970400	14.261180	-0.038768	217.529920	217.529900	8.704470	8.704470
17.514835	17.557690	13.920140	21.462300	-0.042855	204.711560	204.711600	8.108076	8.108075
18.827103	22.895630	15.875340	24.281590	-4.068527	231.137242	231.137200	8.515502	8.515502
17.494877	22.671130	15.542200	14.882920	-5.176253	158.954090	158.954100	8.483318	8.483318
19.667250	22.439070	13.508610	18.739300	-2.771820	149.900570	149.900600	11.775040	11.775040
15.041730	15.089070	18.250150	12.809490	-0.047340	194.237880	194.237900	4.064830	4.064830
15.192221	22.529920	16.286500	2.970078	-7.337699	161.843150	161.843200	14.071200	14.071200
16.305397	16.318210	18.582840	3.818415	-0.012813	175.236460	175.236500	14.074220	14.074220
20.484320	21.408520	15.955830	10.812900	-0.924200	125.524740	125.524700	8.300190	8.300190
15.152060	15.201030	16.142500	19.351860	-0.048970	177.511390	177.511400	15.023189	15.023190
18.004854	18.024200	16.205250	21.126870	-0.019346	168.817330	168.817300	14.698610	14.698610
15.880353	20.776930	18.198980	12.014650	-4.896577	177.733290	177.733300	14.594830	14.594830
20.145311	21.892190	16.906800	10.622560	-1.746879	210.569350	210.569400	13.101500	13.101500
18.153603	22.358180	18.287740	10.452600	-4.204577	234.472710	234.472700	14.029837	14.029840
17.323420	17.829280	15.050520	33.841180	-0.505860	169.675780	169.675800	12.561608	12.561610
18.291479	22.911430	17.616890	5.578009	-4.619951	138.194460	138.194500	8.938882	8.938882
18.777678	22.175220	17.108270	3.791440	-3.397542	214.461427	214.461400	6.840476	6.840476
16.257572	16.259130	14.305630	17.260760	-0.001558	175.862460	175.862500	11.398440	11.398440
17.434286	17.435160	18.437590	10.470680	-0.000874	162.180570	162.180600	12.315400	12.315400
19.113319	22.615390	17.462860	11.994340	-3.502071	159.369360	159.369400	12.396280	12.396280
16.884792	21.041070	20.319910	2.181600	-4.156278	198.027310	198.027300	5.475700	5.475700
16.431931	16.476650	18.369770	9.763428	-0.044719	161.147000	161.147000	13.939650	13.939650
16.553452	21.691800	18.222170	9.281289	-5.138348	157.684540	157.684500	6.127080	6.127080
18.089441	22.812980	18.186810	8.442076	-4.723539	175.793730	175.793700	14.224710	14.224710
18.892515	19.119160	19.198180	6.899087	-0.226645	143.433750	143.433700	9.710860	9.710860
16.317446	19.981410	17.453890	11.530950	-3.663964	169.254380	169.254400	13.099640	13.099640
17.180616	22.159100	15.277500	11.047350	-4.978484	172.721580	172.721600	14.145300	14.145300
17.576918	17.638380	16.975520	10.880810	-0.061462	173.462130	173.462100	14.054170	14.054170
15.604862	21.872780	17.225430	5.014103	-6.267918	119.257500	119.257500	14.390830	14.390830
16.569132	16.611180	17.480830	8.313557	-0.042048	147.024540	147.024500	7.129110	7.129110
17.366505	18.340770	15.876230	13.459400	-0.974265	173.721300	173.721300	11.021190	11.021190
16.676620	16.703020	15.067160	5.838510	-0.026400	170.600080	170.600100	12.979560	12.979560
21.379704	23.466520	13.860100	17.558880	-2.086816	204.571050	204.571000	8.187860	8.187860
19.236946	22.050490	18.162500	4.764472	-2.813544	159.981880	159.981900	13.909450	13.909450
17.305559	17.408520	20.531850	1.832595	-0.102961	162.837100	162.837100	12.848920	12.848920
17.249739	23.735300	17.510850	14.037650	-6.485561	164.716480	164.716500	14.130080	14.130080
17.556141	17.660440	17.614990	11.692480	-0.104299	177.379290	177.379300	15.261030	15.261030
17.284294	17.292380	21.556290	1.530398	-0.008086	193.417530	193.417500	4.075630	4.075630
19.229614	22.963660	16.242840	4.047048	-3.734046	161.557290	161.557300	12.961430	12.961430
18.245453	18.456150	15.055080	29.140340	-0.210697	137.152260	137.152300	5.290780	5.290780
18.070066	18.119950	17.124980	9.338974	-0.049884	172.394210	172.394200	10.809850	10.809850
