Best_Mag	Petro_Mag_g	cModelMag	PetroRad_g	Difference	My_RA	SDSS_RA		My_DEC		SDSS_DEC
9.600000	10.857790	15.964470	22.974640	1.257790	161.956670	161.956700	12.581640	12.581640
13.500000	16.970430	15.317740	9.652429	3.470430	221.122330	221.122300	5.176250	5.176250
13.664174	15.018780	16.125320	14.044260	1.354606	131.498100	131.498100	12.619904	12.619900
14.000000	15.958230	19.375310	3.599664	1.958230	125.144750	125.144800	4.615830	4.615830
12.663404	17.646450	15.494980	19.712860	4.983046	234.624880	234.624900	12.186610	12.186610
14.497895	16.780190	16.335270	12.885100	2.282295	240.333250	240.333300	8.835940	8.835940
14.300000	15.920620	16.695790	11.814040	1.620620	124.423750	124.423800	4.610000	4.610000
15.340000	22.469450	17.317500	8.038312	7.129450	213.065800	213.065800	15.879340	15.879340
13.368456	19.619030	17.919180	10.341430	6.250574	233.429420	233.429400	15.007280	15.007280
15.400000	16.610670	15.383300	7.860545	1.210670	139.199290	139.199300	11.452690	11.452690
14.117589	25.114480	17.406210	10.392400	10.996891	215.614380	215.614400	15.085070	15.085070
14.100075	20.053790	13.155120	30.589690	5.953715	218.223050	218.223100	11.595058	11.595060
15.702275	32.566510	18.250550	9.246712	16.864235	145.474710	145.474700	11.632510	11.632510
15.584692	29.794060	16.301950	7.319977	14.209368	209.484250	209.484300	7.433583	7.433583
15.686318	19.779520	17.933110	10.014580	4.093202	174.378050	174.378100	15.486344	15.486340
15.432203	14.376620	17.546590	9.505237	-1.055583	120.602950	120.603000	9.597140	9.597140
13.542033	19.783530	18.742320	1.447490	6.241497	234.401350	234.401400	5.973420	5.973420
15.578489	21.029610	14.582820	28.544820	5.451121	119.655110	119.655100	15.069120	15.069120
15.851933	25.114290	13.099030	28.083820	9.262357	143.216250	143.216200	12.286890	12.286890
15.300000	21.429920	17.239770	6.533092	6.129920	235.014170	235.014200	13.977500	13.977500
14.610267	21.121870	17.654100	11.896460	6.511603	237.255230	237.255200	5.186080	5.186080
14.671246	23.863930	14.268520	15.652240	9.192684	156.422570	156.422600	11.739280	11.739280
13.861707	22.109340	11.703850	58.759400	8.247633	166.735960	166.736000	7.173920	7.173920
11.500000	22.605640	13.093450	24.305940	11.105640	170.070890	170.070900	13.589687	13.589690
13.465879	20.506460	16.552950	4.718947	7.040581	235.721530	235.721500	14.231470	14.231470
15.911287	19.974010	16.378610	12.187910	4.062723	130.862500	130.862500	4.433190	4.433190
13.700000	21.404900	16.649380	8.744629	7.704900	200.159200	200.159200	9.787150	9.787150
15.950000	20.639680	16.948760	6.375823	4.689680	125.877750	125.877700	10.045530	10.045530
14.555246	23.834550	18.163570	5.677186	9.279304	130.816670	130.816700	13.085860	13.085860
15.334939	20.642000	13.768360	51.805130	5.307061	149.696420	149.696400	11.388690	11.388690
16.037504	25.114490	15.807940	7.377049	9.076986	120.180300	120.180300	8.638814	8.638814
16.024052	19.758230	17.392570	3.851626	3.734178	177.127770	177.127800	12.729800	12.729800
16.607038	22.552330	17.057340	8.786280	5.945292	155.786370	155.786400	8.979780	8.979780
13.836117	20.619120	15.193920	26.199310	6.783003	211.632960	211.633000	6.029690	6.029690
17.146372	24.816140	15.142940	29.591550	7.669768	211.364550	211.364500	12.231840	12.231840
17.029000	22.610010	17.023590	19.847970	5.581010	147.746250	147.746200	4.272220	4.272220
17.061869	19.965020	13.822720	12.109150	2.903151	246.154890	246.154900	12.552621	12.552620
16.321144	21.993800	14.953040	11.577540	5.672656	236.606500	236.606500	4.427640	4.427640
16.277966	21.405500	16.891900	10.014800	5.127534	224.198330	224.198300	9.508890	9.508890
15.200000	21.687000	16.874980	6.646341	6.487000	130.060780	130.060800	5.635230	5.635230
16.908085	19.125340	15.977870	24.401150	2.217255	198.860390	198.860400	11.585590	11.585590
16.316290	20.497540	17.519410	16.454800	4.181250	145.678710	145.678700	9.456140	9.456140
16.388374	21.132160	17.226750	14.733460	4.743786	145.733770	145.733800	9.475140	9.475140
16.270000	25.114420	17.760740	10.620110	8.844420	155.333400	155.333400	12.175700	12.175700
17.565344	21.480130	17.121230	4.094360	3.914786	211.351520	211.351500	15.578614	15.578610
15.400000	25.114490	16.929420	5.435933	9.714490	220.761800	220.761800	4.765670	4.765670
17.561300	21.893830	17.151740	12.281410	4.332530	214.284650	214.284700	13.687100	13.687100
17.000000	19.037710	17.291030	9.498234	2.037710	197.346580	197.346600	6.996330	6.996330
17.608721	21.370840	18.281920	6.137287	3.762119	246.961970	246.962000	13.586630	13.586630
17.329931	18.439990	17.756260	9.231518	1.110059	121.803500	121.803500	7.017060	7.017060
15.305080	21.240390	14.901800	10.826780	5.935310	203.939700	203.939700	8.969070	8.969070
17.553404	25.128090	16.038230	10.604540	7.574686	242.180393	242.180400	10.367187	10.367190
16.835354	19.500220	14.796060	15.964390	2.664866	143.463670	143.463700	10.159410	10.159410
17.761316	21.798870	17.316720	8.881365	4.037554	240.941640	240.941600	11.742193	11.742190
17.693916	25.114280	16.813940	11.240040	7.420364	120.550570	120.550600	8.938131	8.938130
17.383585	21.412030	13.792640	24.741270	4.028445	228.424250	228.424300	6.934254	6.934254
17.478586	22.955640	18.265770	7.918070	5.477054	234.952080	234.952100	8.446110	8.446110
16.888191	19.956630	17.780630	6.258446	3.068439	161.360250	161.360200	13.444810	13.444810
17.936008	20.250390	16.635310	11.926780	2.314382	173.596690	173.596700	15.667340	15.667340
15.946303	18.338680	17.196310	18.467870	2.392377	234.592080	234.592100	12.960830	12.960830
16.828535	18.887820	16.578440	5.415012	2.059285	155.861380	155.861400	12.815530	12.815530
17.752058	15.382610	17.930940	8.478638	-2.369448	120.361560	120.361600	15.749900	15.749900
17.789501	20.697070	17.714050	14.508710	2.907569	120.727830	120.727800	14.425280	14.425280
17.403988	19.287970	15.706910	5.705965	1.883982	197.276960	197.277000	5.243110	5.243110
14.510411	21.805520	16.250970	4.927700	7.295109	162.896670	162.896700	4.583060	4.583060
18.002991	20.807290	17.550420	11.440790	2.804299	137.344260	137.344300	12.008668	12.008670
15.954967	19.014510	18.144420	6.298577	3.059543	127.840170	127.840200	7.000030	7.000030
17.100000	20.800130	17.241020	4.301331	3.700130	159.469120	159.469100	13.721000	13.721000
15.962551	21.573810	17.563360	11.342400	5.611259	216.794520	216.794500	5.137170	5.137170
16.105125	20.354210	21.777060	1.002072	4.249085	218.663330	218.663300	4.262780	4.262780
17.228163	22.859780	18.623850	2.970202	5.631617	143.085500	143.085500	10.099830	10.099830
15.813490	21.272980	17.510950	4.648404	5.459490	241.509110	241.509100	8.506760	8.506760
15.411056	21.180630	21.918940	2.971012	5.769574	137.045000	137.045000	5.927780	5.927780
17.933662	22.160490	16.764180	23.797860	4.226828	122.641460	122.641500	7.027190	7.027190
17.748549	23.343630	14.999300	19.544230	5.595081	151.463670	151.463700	5.006220	5.006220
18.213047	21.249770	12.917800	22.258890	3.036723	241.542720	241.542700	12.820294	12.820290
17.000000	14.084650	22.317860	2.052594	-2.915350	236.832083	236.832100	14.098611	14.098610
18.151766	20.505860	19.110760	5.721169	2.354094	120.121130	120.121100	13.308440	13.308440
18.338869	16.840760	16.033650	10.181430	-1.498109	241.435720	241.435700	8.845530	8.845530
18.002903	20.832910	14.187080	15.909360	2.830007	237.017300	237.017300	4.242431	4.242431
17.651094	20.603960	17.902440	12.828290	2.952866	232.737940	232.737900	11.285360	11.285360
18.091993	23.139100	19.103250	8.925510	5.047107	121.640850	121.640800	7.782276	7.782276
16.214163	20.761320	18.828010	8.434765	4.547157	169.938602	169.938600	15.502241	15.502240
18.012169	21.737610	16.931920	20.707160	3.725441	120.246639	120.246600	8.926176	8.926176
18.217979	20.067440	14.339000	12.733340	1.849461	176.277800	176.277800	9.501423	9.501423
17.731703	19.796000	15.277810	13.449900	2.064297	145.752230	145.752200	9.474516	9.474516
17.650000	21.067330	17.894900	14.581870	3.417330	168.497080	168.497100	11.328890	11.328890
15.688987	20.850610	19.105380	2.969535	5.161623	157.805440	157.805400	4.472530	4.472530
16.954178	21.109430	20.602490	1.634131	4.155252	131.740310	131.740300	13.431331	13.431330
18.029264	19.566720	17.066880	5.701772	1.537456	138.716874	138.716900	7.246460	7.246460
16.600000	21.053120	23.297820	1.216477	4.453120	152.322370	152.322400	5.404080	5.404080
18.242634	20.650180	16.443690	13.896560	2.407546	131.895150	131.895200	11.725420	11.725420
17.603041	21.946850	15.782740	15.567300	4.343809	176.600340	176.600300	13.827450	13.827450
16.848499	23.247000	15.257930	15.225310	6.398501	145.712250	145.712200	4.889920	4.889920
18.541416	20.621680	13.894770	11.595770	2.080264	119.841692	119.841700	14.161058	14.161060
17.026316	21.809970	24.647160	2.970258	4.783654	233.782900	233.782900	12.337069	12.337070
18.624020	20.525650	16.707870	4.591127	1.901630	235.768396	235.768400	11.743566	11.743570
15.733556	19.322950	13.764040	29.081880	3.589394	162.579010	162.579000	13.271860	13.271860
16.586048	22.971040	17.221380	18.261340	6.384992	209.420580	209.420600	15.373490	15.373490
17.161858	19.924490	18.156530	9.676644	2.762632	235.824680	235.824700	13.797390	13.797390
15.600000	22.680090	17.478890	16.830130	7.080090	160.235670	160.235700	12.472030	12.472030
16.344604	20.154870	17.849900	15.921160	3.810266	157.232470	157.232500	9.863180	9.863180
18.171675	20.388620	18.239730	6.655893	2.216945	176.342100	176.342100	9.162140	9.162140
17.159550	18.338600	18.476030	3.020028	1.179050	222.143420	222.143400	5.431250	5.431250
18.079639	17.075690	18.144060	12.850870	-1.003949	165.116000	165.116000	11.620860	11.620860
18.666580	22.110340	22.402670	1.290228	3.443760	197.857059	197.857100	15.530532	15.530530
17.314194	22.690770	21.520920	1.016258	5.376576	221.338120	221.338100	7.865720	7.865720
17.460110	20.841180	20.681700	1.899796	3.381070	239.060140	239.060100	6.098170	6.098170
16.690596	20.512500	18.289320	7.045810	3.821904	160.772710	160.772700	13.510390	13.510390
17.292669	22.374310	18.935630	8.578229	5.081641	218.844940	218.844900	5.276550	5.276550
18.185863	23.583360	17.544660	1.481509	5.397497	169.441090	169.441100	7.639190	7.639190
18.819977	22.992320	20.336130	1.748927	4.172343	155.058120	155.058100	6.802630	6.802630
18.649694	21.232240	17.272910	7.618390	2.582546	144.193210	144.193200	9.044430	9.044430
16.892046	22.795350	17.592510	14.074160	5.903304	209.308500	209.308500	4.307310	4.307310
17.767569	21.577220	25.114380	2.969614	3.809651	221.601250	221.601300	14.212500	14.212500
18.478596	24.925540	20.169650	4.284978	6.446944	151.929303	151.929300	12.370210	12.370210
17.937536	19.644060	16.793550	12.745290	1.706524	130.635950	130.636000	14.288252	14.288250
18.913315	21.443820	14.608940	12.257090	2.530505	163.246370	163.246400	7.620216	7.620216
17.218458	22.054540	16.947090	11.361790	4.836082	142.466000	142.466000	11.926610	11.926610
18.377985	20.484090	18.037110	8.830861	2.106105	234.653040	234.653000	13.517570	13.517570
15.366389	22.834890	21.417000	1.809924	7.468501	151.780420	151.780400	15.984440	15.984440
18.961240	17.648710	18.868010	8.693300	-1.312530	211.611160	211.611200	9.359040	9.359040
19.386267	23.221900	21.696520	1.551008	3.835633	120.891066	120.891100	9.125468	9.125467
17.768690	20.638480	22.143420	1.011554	2.869790	169.364460	169.364500	4.604440	4.604440
17.249636	23.091900	18.083150	4.691336	5.842264	208.045210	208.045200	5.503830	5.503830
17.877960	22.186070	15.278270	23.091570	4.308110	233.638220	233.638200	15.133591	15.133590
17.922003	19.980460	16.548070	8.411858	2.058457	130.089008	130.089000	7.892605	7.892605
18.355860	21.570030	17.721080	9.297385	3.214170	134.837700	134.837700	4.942000	4.942000
16.494631	21.633290	14.194310	11.118950	5.138659	156.443170	156.443200	5.653470	5.653470
17.252338	20.818110	13.488700	39.379770	3.565772	154.287580	154.287600	4.344310	4.344310
16.734835	23.487860	13.482550	12.970730	6.753025	175.577500	175.577500	14.994720	14.994720
19.694296	23.264500	14.957300	13.906480	3.570204	139.879632	139.879600	14.162201	14.162200
14.563763	20.130430	14.721570	24.217370	5.566667	147.820830	147.820800	7.827500	7.827500
17.878633	20.619390	17.827630	10.081320	2.740757	236.452570	236.452600	15.516478	15.516480
19.616823	17.292530	18.084310	8.744473	-2.324293	136.302080	136.302100	5.868110	5.868110
18.366636	21.617310	15.776080	12.582550	3.250674	239.155728	239.155700	5.968646	5.968646
19.201628	21.607010	17.181270	13.630320	2.405382	131.275290	131.275300	9.529920	9.529920
20.344187	17.637780	17.983310	8.312905	-2.706407	241.300708	241.300700	11.041694	11.041690
16.284733	21.185500	17.821010	11.446120	4.900767	200.134700	200.134700	5.406870	5.406870
17.822523	20.172670	14.361250	13.423530	2.350147	162.326750	162.326800	12.378200	12.378200
17.245636	24.619840	16.710540	3.619968	7.374204	204.359170	204.359200	7.644440	7.644440
19.878269	18.725840	14.190370	21.382470	-1.152429	134.272667	134.272700	9.118312	9.118312
18.544548	22.808160	18.541470	5.785115	4.263612	120.852770	120.852800	15.138770	15.138770
15.000000	20.540610	15.246250	21.279770	5.540610	146.182890	146.182900	9.615010	9.615010
18.827103	22.895630	15.875340	24.281590	4.068527	231.137242	231.137200	8.515502	8.515502
17.494877	22.671130	15.542200	14.882920	5.176253	158.954090	158.954100	8.483318	8.483318
19.667250	22.439070	13.508610	18.739300	2.771820	149.900570	149.900600	11.775040	11.775040
15.192221	22.529920	16.286500	2.970078	7.337699	161.843150	161.843200	14.071200	14.071200
18.863602	17.809390	16.419460	10.659330	-1.054212	168.317530	168.317500	15.408601	15.408600
15.880353	20.776930	18.198980	12.014650	4.896577	177.733290	177.733300	14.594830	14.594830
20.145311	21.892190	16.906800	10.622560	1.746879	210.569350	210.569400	13.101500	13.101500
18.153603	22.358180	18.287740	10.452600	4.204577	234.472710	234.472700	14.029837	14.029840
19.184237	17.939330	18.222870	14.098840	-1.244907	170.746381	170.746400	12.460462	12.460460
18.291479	22.911430	17.616890	5.578009	4.619951	138.194460	138.194500	8.938882	8.938882
18.777678	22.175220	17.108270	3.791440	3.397542	214.461427	214.461400	6.840476	6.840476
21.423080	19.601050	17.729350	11.105620	-1.822030	209.440889	209.440900	7.837351	7.837351
19.113319	22.615390	17.462860	11.994340	3.502071	159.369360	159.369400	12.396280	12.396280
19.431534	17.786990	15.032550	14.507230	-1.644544	173.826630	173.826600	4.954810	4.954810
16.884792	21.041070	20.319910	2.181600	4.156278	198.027310	198.027300	5.475700	5.475700
16.553452	21.691800	18.222170	9.281289	5.138348	157.684540	157.684500	6.127080	6.127080
18.089441	22.812980	18.186810	8.442076	4.723539	175.793730	175.793700	14.224710	14.224710
16.317446	19.981410	17.453890	11.530950	3.663964	169.254380	169.254400	13.099640	13.099640
17.180616	22.159100	15.277500	11.047350	4.978484	172.721580	172.721600	14.145300	14.145300
15.604862	21.872780	17.225430	5.014103	6.267918	119.257500	119.257500	14.390830	14.390830
21.379704	23.466520	13.860100	17.558880	2.086816	204.571050	204.571000	8.187860	8.187860
19.236946	22.050490	18.162500	4.764472	2.813544	159.981880	159.981900	13.909450	13.909450
17.249739	23.735300	17.510850	14.037650	6.485561	164.716480	164.716500	14.130080	14.130080
19.229614	22.963660	16.242840	4.047048	3.734046	161.557290	161.557300	12.961430	12.961430
